3.707    188.06151    
3.719    188.95161    
3.731    189.10781    
3.743    188.41701    
3.755    187.72503    
3.767    188.43398    
3.779    189.33700    
3.791    188.30063    
3.803    189.46935    
3.815    190.37555    
3.828    189.08945    
3.840    188.75735    
3.852    188.78947    
3.864    189.46929    
3.876    188.76359    
3.888    188.40620    
3.900    198.66887    
3.912    195.13738    
3.925    193.87105    
3.937    195.29887    
3.949    193.53505    
3.961    192.36981    
3.973    195.87536    
3.986    194.53849    
3.998    194.91496    
4.010    194.96178    
4.022    195.99101    
4.034    195.16958    
4.046    196.49857    
4.059    196.40925    
4.071    195.66711    
4.083    197.31361    
4.095    196.66790    
4.107    196.87932    
4.119    200.08408    
4.131    196.46687    
4.144    198.11367    
4.156    200.83435    
4.168    196.04637    
4.180    200.15235    
4.192    199.72817    
4.204    200.09265    
4.216    199.72269    
4.228    202.76909    
4.241    202.09741    
4.253    200.09678    
4.265    202.77737    
4.277    202.77737    
4.290    204.71909    
4.302    202.83708    
4.314    202.44004    
4.327    203.63708    
4.339    204.39618    
4.351    205.78470    
4.363    205.97596    
4.375    206.56505    
4.387    207.12281    
4.399    207.27861    
4.412    209.45437    
4.424    208.13639    
4.436    207.65980    
4.448    211.73301    
4.460    210.90601    
4.472    211.14312    
4.484    214.91183    
4.497    213.32550    
4.509    213.32550    
4.521    211.00750    
4.533    214.46412    
4.545    215.53504    
4.557    215.57847    
4.569    217.93003    
4.582    218.76607    
4.594    218.15205    
4.606    217.00487    
4.619    220.44480    
4.631    222.05295    
4.643    220.53869    
4.655    221.59688    
4.667    221.21929    
4.679    222.17471    
4.691    223.65876    
4.704    225.24175    
4.716    223.83153    
4.728    223.83153    
4.740    224.33095    
4.752    226.04221    
4.764    227.80653    
4.776    228.20283    
4.788    228.17171    
4.800    231.08831    
4.813    230.23299    
4.825    227.97765    
4.837    232.94675    
4.849    235.39810    
4.862    233.63987    
4.874    235.25534    
4.886    233.09808    
4.899    234.89257    
4.912    236.42166    
4.924    236.29758    
4.936    235.91668    
4.949    238.52705    
4.961    239.95635    
4.973    240.96113    
4.986    240.96113    
4.998    240.23845    
5.010    242.17214    
5.022    240.91753    
5.035    241.94088    
5.047    244.63380    
5.059    244.62967    
5.072    243.10172    
5.084    246.70515    
5.096    247.54334    
5.108    249.03968    
5.121    247.71751    
5.133    249.69015    
5.145    250.08808    
5.158    250.53505    
5.170    252.66998    
5.182    252.91286    
5.194    252.83592    
5.207    256.19230    
5.220    254.55289    
5.232    256.89165    
5.244    254.04869    
5.256    258.29930    
5.269    258.29930    
5.281    256.81226    
5.294    258.34104    
5.307    255.99909    
5.319    260.02519    
5.332    259.49080    
5.344    260.85413    
5.357    261.22263    
5.370    264.37427    
5.382    264.79601    
5.394    265.95327    
5.407    265.44273    
5.419    265.73918    
5.432    263.31598    
5.445    267.68043    
5.458    270.24884    
5.470    268.31833    
5.483    268.65351    
5.496    271.28176    
5.509    271.27715    
5.521    271.29506    
5.534    271.79437    
5.547    274.22590    
5.559    274.23197    
5.572    274.03198    
5.585    276.35551    
5.597    276.23857    
5.610    276.70984    
5.623    278.06570    
5.635    279.28866    
5.648    281.02077    
5.661    280.60873    
5.673    282.27393    
5.686    282.13563    
5.699    281.82281    
5.712    284.51687    
5.725    284.31085    
5.737    282.15376    
5.750    287.02164    
5.762    285.51490    
5.775    287.10273    
5.788    287.75339    
5.800    289.24272    
5.813    290.45013    
5.826    289.70586    
5.838    290.15917    
5.851    291.70357    
5.863    293.32612    
5.876    291.56332    
5.889    292.94574    
5.901    294.18322    
5.914    295.23036    
5.926    295.20311    
5.939    296.28883    
5.951    297.20871    
5.964    296.88372    
5.976    297.78800    
5.989    297.99015    
6.002    299.04218    
6.014    299.70867    
6.027    300.84112    
6.039    300.13638    
6.052    302.27402    
6.064    303.03827    
6.077    302.24315    
6.089    302.49207    
6.102    304.72115    
6.115    303.20549    
6.127    304.10931    
6.140    305.92157    
6.152    305.90037    
6.165    303.69007    
6.177    306.27422    
6.190    307.21501    
6.202    305.98595    
6.215    308.77761    
6.227    308.93854    
6.240    307.28745    
6.253    309.24851    
6.265    311.29003    
6.278    311.31705    
6.290    311.50412    
6.303    310.68421    
6.315    311.21788    
6.328    312.85650    
6.340    315.53369    
6.353    313.89567    
6.365    313.91355    
6.378    315.46175    
6.391    315.34308    
6.403    313.90290    
6.416    316.92629    
6.428    317.20787    
6.441    317.00149    
6.453    316.46880    
6.466    316.06253    
6.478    318.28169    
6.491    317.76962    
6.504    317.45104    
6.516    319.82287    
6.529    319.90867    
6.541    320.36931    
6.554    318.90916    
6.566    321.29217    
6.579    321.67722    
6.592    321.52857    
6.604    322.04748    
6.617    323.44349    
6.629    321.72086    
6.642    323.06524    
6.654    325.20670    
6.667    323.62693    
6.679    324.07087    
6.692    325.95367    
6.705    326.09544    
6.717    325.34183    
6.730    327.69046    
6.743    327.34409    
6.755    325.91157    
6.767    327.71401    
6.780    328.40984    
6.792    328.63172    
6.805    329.12182    
6.817    329.42216    
6.830    331.44769    
6.843    330.10946    
6.855    331.28806    
6.868    331.38814    
6.880    330.46424    
6.892    332.62230    
6.905    333.65529    
6.917    332.71694    
6.929    332.31149    
6.942    333.32396    
6.954    333.71193    
6.966    335.58951    
6.979    334.35963    
6.991    334.98638    
7.003    335.42859    
7.016    334.50667    
7.028    336.57241    
7.040    336.38110    
7.053    337.19321    
7.065    336.65197    
7.077    337.62680    
7.090    336.74609    
7.102    337.09870    
7.114    338.35530    
7.127    338.20196    
7.139    338.83394    
7.151    339.02485    
7.164    340.28514    
7.176    339.25340    
7.188    340.94744    
7.201    341.62882    
7.213    341.83786    
7.226    341.80347    
7.238    341.30863    
7.250    341.44600    
7.263    342.97696    
7.275    342.08732    
7.287    343.19276    
7.300    343.99202    
7.312    342.83808    
7.324    344.16632    
7.337    346.40528    
7.349    345.62274    
7.361    344.86092    
7.374    345.58771    
7.386    346.05613    
7.399    346.02648    
7.411    347.00127    
7.423    348.60733    
7.436    346.90599    
7.448    347.00956    
7.461    350.11530    
7.473    348.29503    
7.486    347.42769    
7.498    349.98201    
7.510    349.44927    
7.523    348.94294    
7.535    351.24255    
7.548    350.36482    
7.560    351.21085    
7.573    351.11934    
7.585    350.82884    
7.597    351.06357    
7.610    351.81368    
7.622    351.67026    
7.635    351.82608    
7.647    353.09052    
7.660    351.93707    
7.672    352.52813    
7.685    353.71768    
7.697    352.84101    
7.710    354.05788    
7.722    354.97321    
7.734    353.67864    
7.747    354.29322    
7.759    356.01578    
7.771    355.21708    
7.784    354.79359    
7.796    356.70968    
7.808    355.94926    
7.821    355.91714    
7.833    356.80298    
7.846    359.62462    
7.858    357.99760    
7.872    358.03730    
7.884    358.78866    
7.896    358.91513    
7.909    358.45853    
7.921    358.43988    
7.933    0.84137      
7.945    0.59802      
7.957    359.78607    
7.970    1.53921      
7.982    1.26102      
7.994    0.29412      
8.006    1.23956      
8.019    2.80637      
8.031    1.92183      
8.043    1.46111      
8.055    2.77783      
8.068    3.88155      
8.080    3.42232      
8.092    4.31113      
8.105    3.65349      
8.117    2.58618      
8.129    5.11942      
8.141    4.98839      
8.154    5.19983      
8.166    5.19983      
8.178    7.19207      
8.191    5.36463      
8.203    6.84361      
8.215    8.70055      
8.227    8.45449      
8.240    8.40433      
8.252    9.34749      
8.264    9.35274      
8.276    8.39868      
8.289    9.68323      
8.301    10.35025     
8.313    9.79838      
8.326    10.79331     
8.338    11.18365     
8.350    11.21632     
8.362    11.11671     
8.375    12.72892     
8.387    12.33654     
8.399    12.37333     
8.412    13.02102     
8.424    13.31286     
8.436    13.47400     
8.449    13.29315     
8.461    14.34315     
8.473    15.11915     
8.486    14.60588     
8.498    13.20032     
8.510    14.52616     
8.522    14.56108     
8.535    14.22049     
8.547    15.68422     
8.559    15.36835     
8.571    15.71377     
8.584    15.73401     
8.596    16.26695     
8.608    14.29264     
8.621    16.05755     
8.633    17.80897     
8.645    14.56430     
8.657    15.90650     
8.670    16.17574     
8.684    17.11039     
8.696    15.76548     
8.709    16.64991     
8.721    17.98247     
8.733    17.75866     
8.745    17.75866     
8.758    16.08930     
8.770    18.82194     
8.782    19.87781     
8.794    18.73032     
8.806    19.32240     
8.819    18.69141     
8.831    18.08140     
8.843    17.83450     
8.855    19.32813     
8.867    19.38305     
8.880    18.90430     
8.892    20.70659     
8.904    19.68251     
8.916    19.36399     
8.928    19.11040     
8.940    19.93102     
8.952    19.47214     
8.965    19.02213     
8.977    19.02213     
8.989    19.25758     
9.001    19.81876     
9.013    20.21279     
9.025    20.51691     
9.037    18.73703     
9.050    21.00360     
9.062    18.77327     
9.074    19.81588     
9.086    19.41950     
9.098    20.74916     
9.110    19.69181     
9.122    19.72343     
9.134    20.51895     
9.147    21.30177     
9.159    20.34526     
9.171    20.78711     
9.183    20.78711     
9.195    20.34932     
9.207    19.99929     
9.220    19.52572     
9.232    19.13813     
9.244    19.85410     
9.256    18.01006     
9.268    19.75967     
9.280    18.22753     
9.293    18.29227     
9.305    18.91482     
9.317    20.74727     
9.329    20.05267     
9.341    20.47576     
9.354    20.36222     
9.366    20.31076     
9.378    19.33301     
9.390    20.30892     
9.402    20.18759     
9.414    20.01051     
9.426    17.54110     
9.439    18.45503     
9.451    19.73226     
9.463    18.97552     
9.475    18.80987     
9.487    17.93961     
9.499    17.34429     
9.511    18.53745     
9.523    17.22384     
9.536    18.02822     
9.548    16.64730     
9.560    17.95989     
9.572    17.39163     
9.584    16.79191     
9.596    16.36201     
9.608    16.36201     
9.620    18.46851     
9.632    17.07574     
9.645    16.35898     
9.657    16.63857     
9.669    18.57442     
9.681    17.79423     
9.693    15.94243     
9.705    16.54402     
9.717    17.31736     
9.729    17.01067     
9.741    17.27087     
9.753    16.05204     
9.766    16.98730     
9.778    16.09557     
9.790    16.96580     
9.802    15.32066     
9.814    15.32066     
9.826    14.67153     
9.838    16.09315     
9.850    15.78605     
9.863    15.32924     
9.875    15.34817     
9.887    15.81048     
9.899    15.87802     
9.911    15.67414     
9.923    15.10917     
9.935    15.08903     
9.947    12.99305     
9.959    15.01692     
9.972    15.26437     
9.984    14.87178     
9.996    14.93277     
10.009   13.80409     
10.021   13.70443     
10.033   13.70443     
10.045   14.98481     
10.057   13.20629     
10.069   14.52447     
10.082   15.03813     
10.094   13.88398     
10.106   12.65710     
10.118   13.02833     
10.130   13.97457     
10.143   12.99938     
10.155   13.56537     
10.167   12.97714     
10.180   12.06149     
10.192   13.20793     
10.205   14.19929     
10.217   12.34410     
10.229   11.98779     
10.242   13.42277     
10.254   12.60915     
10.266   12.02188     
10.279   13.46550     
10.291   13.46550     
10.303   13.89531     
10.316   11.80395     
10.328   12.34957     
10.340   12.83430     
10.352   12.06254     
10.365   11.82573     
10.377   12.50845     
10.390   13.39926     
10.402   11.71698     
10.414   12.04960     
10.427   12.33392     
10.439   11.30575     
10.451   10.44527     
10.464   11.25603     
10.476   11.79544     
10.488   9.81080      
10.501   11.23981     
10.513   11.85275     
10.525   10.26242     
10.538   10.28451     
10.550   11.60404     
10.562   11.53504     
10.575   10.26173     
10.587   10.18023     
10.599   11.53672     
10.612   10.43748     
10.624   10.38391     
10.636   9.75307      
10.648   11.53747     
10.661   10.20480     
10.673   10.71936     
10.686   10.79091     
10.698   9.72335      
10.710   10.72160     
10.723   9.90514      
10.735   9.82788      
10.747   9.31773      
10.760   9.88475      
10.772   9.56507      
10.784   8.26414      
10.796   9.93830      
10.809   10.21304     
10.821   8.84788      
10.834   8.89709      
10.846   10.74389     
10.859   9.56599      
10.871   8.19309      
10.884   8.19309      
10.896   19.13245     
10.909   10.97553     
10.921   8.43075      
10.934   8.27243      
10.946   8.36119      
10.959   9.00030      
10.972   8.63635      
10.984   9.09609      
10.997   7.65892      
11.010   7.56015      
11.023   7.80911      
11.036   8.65883      
11.048   5.98395      
11.061   7.67967      
11.074   8.24542      
11.087   6.86178      
11.099   6.11550      
11.112   8.38568      
11.125   7.58259      
11.137   6.52508      
11.151   7.23460      
11.163   8.39654      
11.176   7.30213      
11.189   6.74930      
11.202   7.11469      
11.214   7.36098      
11.227   5.79133      
11.240   7.57984      
11.253   6.70132      
11.265   6.86144      
11.278   6.70132      
11.291   7.43405      
11.303   5.94602      
11.315   6.57258      
11.328   6.75513      
11.340   4.99034      
11.353   5.58309      
11.365   7.33497      
11.378   6.13748      
11.390   5.46909      
11.402   5.90544      
11.415   5.01133      
11.427   4.54141      
11.440   4.97589      
11.452   5.85653      
11.465   5.08007      
11.477   3.72248      
11.489   4.66401      
11.502   3.97136      
11.514   3.97136      
11.527   3.81545      
11.539   4.71881      
11.552   4.05152      
11.564   3.46158      
11.577   4.68033      
11.589   4.23717      
11.602   2.54345      
11.614   2.61915      
11.626   4.46589      
11.639   2.84628      
11.651   2.45160      
11.663   3.29179      
11.676   2.62072      
11.688   3.18650      
11.700   3.46389      
11.712   3.63390      
11.724   1.69170      
11.737   3.87541      
11.749   3.83141      
11.761   1.45602      
11.773   2.58799      
11.786   2.83997      
11.798   3.02648      
11.810   3.02648      
11.823   0.81279      
11.835   2.21011      
11.848   1.72339      
11.860   1.73510      
11.873   1.55416      
11.886   2.01972      
11.898   1.51885      
11.911   1.98835      
11.923   2.54258      
11.936   0.05944      
11.948   0.26171      
11.961   1.27438      
11.973   1.64761      
11.985   359.62332    
11.998   0.54317      
12.010   0.82768      
12.023   0.18536      
12.037   0.55927      
12.049   0.89331      
12.061   359.81830    
12.074   359.65991    
12.086   0.70163      
12.098   359.37985    
12.110   358.74859    
12.122   358.42025    
12.135   358.94204    
12.147   358.91048    
12.159   358.27962    
12.172   359.19721    
12.184   349.29761    
12.196   357.15547    
12.209   357.94176    
12.221   359.03399    
12.233   356.86026    
12.246   356.53937    
12.258   355.36199    
12.270   354.87943    
12.283   358.01777    
12.295   356.49134    
12.307   356.36857    
12.320   355.68509    
12.332   356.90341    
12.344   355.37332    
12.357   355.30001    
12.369   355.51356    
12.381   356.36058    
12.394   356.61863    
12.406   356.38354    
12.418   356.15727    
12.430   354.56599    
12.443   355.37989    
12.455   356.12246    
12.468   356.12977    
12.480   355.50351    
12.493   355.54314    
12.505   355.18707    
12.518   355.12303    
12.530   354.65953    
12.542   355.85510    
12.555   355.59405    
12.567   354.18365    
12.579   354.82499    
12.592   355.15895    
12.604   353.71278    
12.616   355.29057    
12.629   355.14402    
12.641   355.28183    
12.653   355.11887    
12.666   353.68764    
12.678   354.84571    
12.690   353.91579    
12.703   355.75997    
12.715   355.30883    
12.727   353.59874    
12.740   354.37965    
12.752   356.10038    
12.764   354.88695    
12.777   354.50621    
12.789   354.57845    
12.801   355.58824    
12.814   355.28350    
12.826   355.62326    
12.838   355.26521    
12.851   356.02012    
12.863   353.67028    
12.875   355.23323    
12.888   355.48093    
12.900   354.54404    
12.913   353.59800    
12.925   355.35663    
12.937   355.17203    
12.950   354.39441    
12.962   355.66887    
12.975   354.06183    
12.987   354.28941    
12.999   354.95755    
13.012   355.64209    
13.024   353.79741    
13.036   354.91227    
13.049   355.35443    
13.061   354.87777    
13.073   355.02604    
13.086   356.28944    
13.098   356.28944    
13.110   355.99428    
13.123   353.94112    
13.135   355.27793    
13.147   356.03479    
13.160   355.45458    
13.172   356.68194    
13.184   356.04759    
13.197   356.00074    
13.209   356.34321    
13.221   357.87228    
13.234   356.36085    
13.247   355.21644    
13.259   356.01653    
13.271   357.87385    
13.284   356.59776    
13.296   356.78643    
13.308   357.18222    
13.320   357.19215    
13.333   357.82842    
13.345   357.54155    
13.357   357.02406    
13.370   356.61652    
13.382   357.54652    
13.394   357.54652    
13.407   357.14906    
13.419   356.42610    
13.431   356.56106    
13.444   358.80406    
13.456   357.50288    
13.469   357.84575    
13.481   358.10955    
13.493   357.60943    
13.506   357.54817    
13.518   358.38399    
13.531   358.13531    
13.544   357.81670    
13.556   359.12843    
13.569   359.18889    
13.581   359.10545    
13.594   359.23216    
13.606   359.46324    
13.619   359.00416    
13.631   357.31683    
13.644   359.50812    
13.657   359.59706    
13.670   358.04705    
13.683   359.78534    
13.696   359.43791    
13.709   358.50619    
13.722   359.05480    
13.735   0.99584      
13.748   0.76731      
13.761   359.90142    
13.774   359.70728    
13.787   0.72846      
13.800   0.73047      
13.813   1.71011      
13.826   1.70194      
13.839   359.94142    
13.852   0.84137      
13.865   2.58287      
13.877   1.16712      
13.891   1.57017      
13.903   2.10436      
13.915   1.79369      
13.928   1.61776      
13.940   2.11439      
13.952   3.49479      
13.965   4.03938      
13.977   3.23067      
13.989   3.06938      
14.002   4.61135      
14.014   5.09191      
14.026   5.02206      
14.039   5.02891      
14.051   5.11263      
14.064   5.04610      
14.076   4.61724      
14.088   4.10598      
14.101   5.40821      
14.113   5.11196      
14.125   4.99160      
14.137   5.95025      
14.150   5.74379      
14.163   3.81273      
14.175   4.16913      
14.187   5.74797      
14.200   7.06279      
14.212   5.51737      
14.224   6.47210      
14.237   5.64080      
14.249   6.95755      
14.261   7.11991      
14.273   5.82427      
14.286   5.18891      
14.298   5.40434      
14.310   8.13303      
14.322   5.77908      
14.334   5.77908      
14.346   5.54715      
14.358   7.93242      
14.371   6.43246      
14.383   6.40104      
14.395   6.64266      
14.407   6.12271      
14.419   6.44936      
14.431   7.43419      
14.444   7.19207      
14.456   5.92108      
14.468   6.32861      
14.480   7.34910      
14.493   6.83378      
14.505   7.01356      
14.517   7.65277      
14.530   6.82508      
14.542   5.84801      
14.554   6.59170      
14.567   7.14084      
14.579   6.93047      
14.591   6.27487      
14.603   7.14588      
14.615   7.72425      
14.628   6.48401      
14.640   5.76395      
14.652   6.86023      
14.665   5.86287      
14.677   6.33789      
14.689   6.82364      
14.702   7.27199      
14.714   6.58511      
14.726   6.66587      
14.738   7.46106      
14.751   6.62078      
14.763   6.09606      
14.775   7.20536      
14.787   7.37691      
14.800   7.23790      
14.812   6.00166      
14.824   5.88208      
14.836   6.00793      
14.848   6.47126      
14.861   5.89230      
14.873   6.00386      
14.885   5.77908      
14.897   6.36516      
14.910   7.52896      
14.922   4.52982      
14.934   4.23259      
14.947   5.91831      
14.960   5.60629      
14.972   3.93467      
14.985   5.22966      
14.998   6.07028      
15.010   4.84972      
15.023   3.01826      
15.035   5.13751      
15.048   4.43472      
15.060   4.20051      
15.073   4.52462      
15.086   4.57805      
15.098   3.51201      
15.111   4.62385      
15.123   4.68954      
15.135   2.30119      
15.148   3.25291      
15.160   4.33593      
15.173   4.47543      
15.185   3.33405      
15.199   3.78582      
15.211   4.62329      
15.224   3.59386      
15.236   3.59386      
15.249   3.80178      
15.261   4.33895      
15.273   2.39432      
15.286   3.12683      
15.298   4.27680      
15.311   2.43965      
15.323   1.59114      
15.335   2.24297      
15.348   3.29497      
15.360   1.71433      
15.373   2.45345      
15.385   2.69211      
15.397   2.05121      
15.410   1.74004      
15.422   1.87953      
15.435   1.15223      
15.447   0.10195      
15.459   1.58557      
15.472   1.83914      
15.484   0.06165      
15.496   0.90778      
15.509   1.33454      
15.521   1.09558      
15.534   359.01363    
15.546   1.43008      
15.558   0.18616      
15.571   0.18616      
15.583   359.85747    
15.595   0.10159      
15.607   359.46473    
15.620   359.24021    
15.632   359.05983    
15.645   0.10365      
15.658   359.61561    
15.670   358.73260    
15.683   356.69190    
15.696   356.76963    
15.709   358.68286    
15.721   357.68215    
15.734   357.23973    
15.747   358.53169    
15.759   357.76454    
15.772   356.63696    
15.785   358.12492    
15.798   358.17530    
15.811   356.93558    
15.823   357.83217    
15.836   358.25675    
15.848   356.83082    
15.861   356.72357    
15.874   358.20406    
15.887   357.08486    
15.899   355.56718    
15.912   357.03841    
15.925   356.84379    
15.938   355.18134    
15.950   356.57015    
15.963   357.02501    
15.976   355.75430    
15.989   355.11235    
16.002   356.76212    
16.015   355.50742    
16.028   354.43203    
16.041   355.73751    
16.055   355.36927    
16.069   354.50255    
16.082   355.28971    
16.095   355.35468    
16.108   354.20526    
16.122   354.39140    
16.135   355.56748    
16.149   354.62622    
16.162   354.69652    
16.175   355.74601    
16.188   354.25889    
16.202   353.49605    
16.215   354.55521    
16.228   352.91260    
16.242   353.91919    
16.255   354.86597    
16.268   353.58216    
16.282   352.84245    
16.295   354.67109    
16.308   353.98212    
16.321   352.74851    
16.335   353.62892    
16.348   353.47206    
16.361   352.31572    
16.375   352.97340    
16.388   353.57888    
16.402   352.94826    
16.415   352.33248    
16.428   353.04206    
16.442   351.91527    
16.455   352.15994    
16.469   353.01163    
16.482   353.11366    
16.495   351.00100    
16.509   352.38440    
16.523   352.87030    
16.537   352.00514    
16.551   352.56777    
16.565   352.15373    
16.579   351.54646    
16.593   353.49666    
16.606   352.93952    
16.620   351.54749    
16.633   352.74845    
16.647   352.89364    
16.660   351.28705    
16.672   351.68543    
16.685   352.16020    
16.697   351.59157    
16.709   351.92485    
16.722   351.73703    
16.734   350.92679    
16.747   350.79250    
16.759   351.78244    
16.772   351.90400    
16.784   349.76778    
16.797   349.73328    
16.809   352.00623    
16.822   350.39113    
16.834   350.34829    
16.847   350.78849    
16.860   351.40191    
16.872   349.75841    
16.884   350.01081    
16.897   350.01081    
16.909   350.83347    
16.921   349.72005    
16.933   351.05940    
16.945   350.49968    
16.957   349.43867    
16.970   349.12575    
16.982   350.79353    
16.994   350.29628    
17.006   348.88897    
17.019   350.69470    
17.031   351.62433    
17.043   348.84043    
17.055   348.89495    
17.067   350.32664    
17.080   350.73937    
17.092   349.48028    
17.104   350.22993    
17.116   350.26055    
17.129   350.26055    
17.141   350.18141    
17.153   350.54403    
17.166   351.08107    
17.178   350.71960    
17.190   351.11132    
17.202   351.10783    
17.215   349.38264    
17.227   349.19742    
17.240   351.94845    
17.252   351.20517    
17.265   349.08777    
17.278   351.07254    
17.291   351.16608    
17.303   350.17213    
17.316   350.10480    
17.329   351.47662    
17.342   350.56849    
17.354   350.08308    
17.367   350.98565    
17.380   351.40453    
17.392   349.94899    
17.405   351.54794    
17.418   350.54383    
17.431   350.83339    
17.443   351.88311    
17.456   351.24089    
17.469   349.32784    
17.482   351.09492    
17.494   350.72929    
17.507   350.36570    
17.520   349.99755    
17.532   352.31387    
17.545   352.50795    
17.558   350.01921    
17.571   352.10848    
17.583   352.22967    
17.596   351.40241    
17.609   350.98692    
17.621   352.68149    
17.634   351.91091    
17.649   351.74418    
17.661   352.23315    
17.674   352.88458    
17.687   351.97033    
17.699   352.83310    
17.712   352.10596    
17.725   351.35794    
17.738   353.57467    
17.750   353.48612    
17.763   352.07750    
17.776   352.11952    
17.788   354.92908    
17.801   352.65428    
17.814   351.85670    
17.827   353.78831    
17.839   354.29699    
17.852   352.80783    
17.864   353.27341    
17.877   353.91674    
17.890   352.02411    
17.903   354.61523    
17.916   353.40605    
17.929   353.00630    
17.941   353.42257    
17.954   355.62034    
17.967   354.47920    
17.979   352.32460    
17.992   355.27759    
18.005   355.26431    
18.018   354.43098    
18.031   353.80654    
18.044   355.97036    
18.058   354.72699    
18.071   354.44329    
18.084   355.33430    
18.097   354.93614    
18.109   354.96651    
18.122   355.12625    
18.134   355.54415    
18.146   355.54415    
18.159   354.21197    
18.171   355.77429    
18.184   354.69848    
18.196   355.62345    
18.209   355.40505    
18.222   357.08486    
18.234   356.54769    
18.246   355.25256    
18.258   357.41627    
18.270   356.50731    
18.282   355.82289    
18.295   356.02378    
18.307   356.51160    
18.319   357.02097    
18.331   357.27276    
18.344   357.60251    
18.356   355.80428    
18.368   355.99583    
18.380   359.63248    
18.392   357.77586    
18.404   356.29157    
18.417   356.64391    
18.429   356.72897    
18.441   358.87087    
18.454   357.78359    
18.466   357.60063    
18.479   358.00773    
18.491   356.67852    
18.503   358.16474    
18.516   358.47274    
18.528   357.27274    
18.541   356.39940    
18.553   358.70769    
18.565   359.05924    
18.578   358.46912    
18.590   358.78808    
18.603   358.77409    
18.615   358.37272    
18.627   358.82476    
18.640   0.33726      
18.652   359.27003    
18.665   357.90475    
18.677   359.82169    
18.689   0.09731      
18.702   358.88170    
18.714   0.13586      
18.727   359.53600    
18.740   1.92293      
18.752   1.14818      
18.764   1.14818      
18.777   0.09947      
18.789   1.65702      
18.801   1.57235      
18.814   2.03222      
18.826   1.75711      
18.838   3.33444      
18.850   2.03660      
18.863   2.61941      
18.875   3.11577      
18.887   1.73016      
18.900   1.44738      
18.912   3.41628      
18.925   3.17983      
18.937   2.42430      
18.949   2.43014      
18.962   4.06237      
18.974   3.51553      
18.986   3.67735      
18.999   4.63713      
19.011   3.78012      
19.024   3.61855      
19.036   5.64802      
19.049   4.93845      
19.062   2.99219      
19.074   3.69206      
19.087   4.15467      
19.099   4.04759      
19.112   5.12247      
19.124   5.08941      
19.137   5.66933      
19.150   3.73856      
19.162   4.50752      
19.175   7.03769      
19.188   4.72996      
19.201   3.60426      
19.214   5.20767      
19.227   5.80499      
19.240   4.47688      
19.253   4.38104      
19.266   5.64847      
19.279   4.59752      
19.292   5.74453      
19.305   6.68677      
19.318   4.78771      
19.330   5.00012      
19.343   5.85548      
19.356   5.64626      
19.369   5.01133      
19.382   5.21132      
19.395   6.61898      
19.408   6.00350      
19.421   4.63928      
19.434   6.19535      
19.447   5.44520      
19.460   5.21146      
19.472   5.99924      
19.485   5.38274      
19.498   4.97064      
19.511   6.75522      
19.523   5.99911      
19.536   4.42552      
19.549   5.38893      
19.561   7.59327      
19.573   5.94179      
19.586   5.33469      
19.599   5.76968      
19.611   5.93233      
19.624   4.61930      
19.637   4.88287      
19.649   6.07634      
19.662   5.64533      
19.675   5.33133      
19.687   5.86824      
19.700   5.04727      
19.712   5.50026      
19.724   5.89976      
19.737   5.06335      
19.749   4.48181      
19.761   6.25093      
19.774   5.87916      
19.786   5.23853      
19.799   5.24088      
19.812   5.59230      
19.824   3.99234      
19.836   4.64949      
19.849   5.71472      
19.861   4.81419      
19.873   4.56816      
19.886   5.15208      
19.898   5.11157      
19.910   5.30721      
19.923   4.07407      
19.935   4.40337      
19.947   4.95326      
19.959   4.08562      
19.971   4.94516      
19.983   4.86840      
19.996   4.13153      
20.008   4.64275      
20.020   5.19987      
20.032   4.56645      
20.044   2.53266      
20.057   4.58122      
20.069   4.70569      
20.081   3.71073      
20.093   3.64829      
20.105   4.11209      
20.117   2.65406      
20.129   2.65406      
20.142   4.08857      
20.154   5.71892      
20.167   2.51312      
20.179   2.56769      
20.191   3.19626      
20.204   3.39666      
20.216   2.26533      
20.229   2.53702      
20.241   3.21703      
20.253   2.69791      
20.266   1.84696      
20.278   2.83146      
20.291   1.78615      
20.303   2.71743      
20.315   2.64160      
20.328   2.32535      
20.340   1.15877      
20.352   1.26887      
20.364   2.08669      
20.377   0.34033      
20.389   0.43625      
20.402   2.44826      
20.414   1.73756      
20.427   0.38331      
20.440   0.63206      
20.453   0.14283      
20.466   359.78207    
20.478   0.73656      
20.491   0.79346      
20.504   0.02035      
20.517   359.93922    
20.530   1.31668      
20.542   0.09885      
20.555   359.74011    
20.568   359.65967    
20.581   359.65387    
20.593   359.77555    
20.606   0.22021      
20.619   359.90101    
20.632   359.97992    
20.644   359.19390    
20.657   0.02010      
20.669   359.98028    
20.681   359.47239    
20.693   359.13862    
20.706   359.97997    
20.718   359.20541    
20.730   357.53018    
20.743   357.93166    
20.755   358.76432    
20.768   357.51639    
20.780   357.08239    
20.792   355.44064    
20.804   357.04431    
20.817   356.89688    
20.829   355.55638    
20.841   355.09587    
20.855   356.22835    
20.868   354.68319    
20.881   353.86541    
20.893   355.97312    
20.906   355.93086    
20.919   355.35780    
20.931   355.43466    
20.944   355.32012    
20.956   353.68294    
20.969   355.52527    
20.982   354.82124    
20.994   354.27815    
21.007   354.08660    
21.019   354.46807    
21.031   354.93953    
21.043   354.93953    
21.056   354.62529    
21.068   354.99049    
21.080   355.70605    
21.092   354.08286    
21.104   354.80734    
21.116   355.26498    
21.128   353.01386    
21.140   353.24191    
21.152   353.85600    
21.165   354.75764    
21.177   353.21014    
21.189   354.61034    
21.201   354.05474    
21.214   353.84669    
21.226   355.26498    
21.239   354.90045    
21.251   353.87232    
21.263   352.66282    
21.275   352.70625    
21.287   355.56155    
21.299   355.44674    
21.312   353.31348    
21.324   354.01146    
21.337   354.52763    
21.349   354.87229    
21.361   353.88450    
21.374   354.05632    
21.386   352.76579    
21.399   353.45144    
21.411   355.07092    
21.424   354.12319    
21.436   354.31224    
21.448   355.09270    
21.461   355.48198    
21.473   354.00001    
21.485   353.22568    
21.498   354.74208    
21.510   354.88412    
21.522   353.91521    
21.535   354.73109    
21.547   354.87229    
21.560   353.80744    
21.572   355.01277    
21.585   355.66478    
21.597   355.51423    
21.610   353.50477    
21.622   355.49215    
21.635   355.97647    
21.647   355.02604    
21.660   354.45030    
21.672   355.96029    
21.684   356.06059    
21.696   355.01589    
21.708   355.17900    
21.721   354.83878    
21.733   354.30897    
21.745   354.54404    
21.757   355.60891    
21.769   354.69685    
21.781   355.67246    
21.793   356.68922    
21.806   355.77713    
21.818   354.81442    
21.830   356.10660    
21.842   356.10660    
21.854   355.83571    
21.866   355.22056    
21.878   355.20388    
21.890   355.25563    
21.903   355.15433    
21.915   356.43807    
21.929   356.56254    
21.942   355.86081    
21.954   355.21348    
21.967   357.21146    
21.980   356.51854    
21.992   355.16985    
22.005   356.02012    
22.018   357.77928    
22.031   356.54063    
22.043   355.37556    
22.056   356.53236    
22.069   356.26266    
22.082   357.82153    
22.096   357.49589    
22.109   356.78779    
22.122   355.59386    
22.135   358.79499    
22.148   358.44279    
22.161   357.77776    
22.174   357.55617    
22.187   358.19799    
22.200   358.04044    
22.212   357.53155    
22.225   358.56588    
22.238   357.32583    
22.250   357.57633    
22.263   358.51752    
22.276   358.75892    
22.289   358.10128    
22.301   358.35641    
22.313   0.24978      
22.326   358.54802    
22.338   358.35493    
22.350   359.18439    
22.362   358.72041    
22.374   359.41742    
22.387   358.99733    
22.399   358.89983    
22.411   357.76961    
22.423   358.68916    
22.436   0.48489      
22.448   359.19386    
22.460   359.38132    
22.472   359.33753    
22.485   0.21793      
22.497   0.77315      
22.509   0.62407      
22.521   0.76573      
22.533   359.70668    
22.546   359.74298    
22.558   0.86398      
22.570   1.91970      
22.582   359.98095    
22.595   0.41432      
22.607   1.09482      
22.619   1.80568      
22.631   0.67912      
22.644   1.39177      
22.656   1.15674      
22.668   0.21107      
22.681   1.63933      
22.693   2.75487      
22.705   3.58150      
22.718   3.52803      
22.730   4.28915      
22.743   2.33446      
22.756   3.69205      
22.769   4.87684      
22.781   3.74355      
22.794   3.58644      
22.807   5.52688      
22.820   4.23860      
22.832   5.03181      
22.845   5.08097      
22.861   4.07989      
22.873   4.25231      
22.886   5.55977      
22.898   5.42801      
22.911   5.46824      
22.924   5.34411      
22.936   5.84726      
22.948   4.74388      
22.960   4.44338      
22.973   6.95146      
22.985   5.95521      
22.997   4.67379      
23.009   5.78474      
23.022   6.33346      
23.034   6.47934      
23.046   6.09960      
23.058   7.14516      
23.070   5.49154      
23.082   6.03768      
23.094   7.23592      
23.106   4.88814      
23.118   5.17409      
23.130   5.71059      
23.143   5.71059      
23.155   7.28895      
23.167   5.08910      
23.179   5.15035      
23.191   7.13001      
23.203   7.26764      
23.215   5.07077      
23.227   5.48923      
23.240   6.17619      
23.252   6.24517      
23.264   6.57562      
23.276   6.40689      
23.288   5.83582      
23.301   7.09431      
23.313   8.39259      
23.326   6.51922      
23.338   5.54120      
23.350   6.52495      
23.362   6.05795      
23.375   4.73251      
23.387   4.62833      
23.399   6.11255      
23.412   6.49208      
23.425   6.49960      
23.437   6.26499      
23.449   7.64488      
23.462   4.95487      
23.474   5.15940      
23.487   6.12301      
23.499   6.21305      
23.512   4.87185      
23.524   7.42336      
23.536   5.70247      
23.549   4.80815      
23.561   4.91941      
23.574   7.35435      
23.586   5.08910      
23.599   5.16204      
23.612   6.73933      
23.624   6.71107      
23.636   4.12905      
23.649   5.24088      
23.661   5.34580      
23.674   5.53605      
23.686   6.16172      
23.699   5.09507      
23.712   5.21461      
23.724   5.17060      
23.737   6.64067      
23.749   4.60601      
23.762   3.53402      
23.774   3.53402      
23.786   5.19262      
23.799   4.78426      
23.811   3.30109      
23.823   4.04510      
23.835   5.51760      
23.848   4.34662      
23.860   3.89210      
23.872   4.84776      
23.884   4.08562      
23.896   5.06133      
23.908   4.81507      
23.921   3.57633      
23.933   2.63544      
23.945   3.61905      
23.957   4.51399      
23.971   2.90846      
23.984   2.45109      
23.996   3.79427      
24.009   3.49326      
24.022   3.61710      
24.035   3.56853      
24.047   2.14660      
24.060   2.71547      
24.073   3.17302      
24.086   2.28657      
24.099   2.32371      
24.111   2.15065      
24.124   4.01163      
24.137   2.71370      
24.149   1.11465      
24.162   2.14956      
24.174   1.60924      
24.187   1.55416      
24.200   1.96993      
24.212   1.59690      
24.224   1.57749      
24.237   1.66415      
24.249   1.47466      
24.262   2.45917      
24.274   0.78565      
24.286   359.89658    
24.299   1.02452      
24.312   359.81701    
24.324   359.65239    
24.336   0.38603      
24.349   1.24006      
24.361   359.97990    
24.374   359.69717    
24.386   0.67284      
24.399   0.29862      
24.411   359.53762    
24.423   0.46532      
24.435   358.78070    
24.447   359.53204    
24.460   0.45820      
24.472   0.46730      
24.484   357.88256    
24.496   358.69428    
24.508   359.52324    
24.520   359.53665    
24.532   356.48897    
24.545   357.66149    
24.557   356.61880    
24.569   356.96794    
24.581   357.57633    
24.593   356.10222    
24.605   356.88244    
24.617   356.55793    
24.630   356.56713    
24.642   356.15413    
24.654   358.24973    
24.666   356.80532    
24.679   355.91711    
24.691   356.50250    
24.703   355.80215    
24.716   355.58241    
24.728   356.37343    
24.740   355.71278    
24.752   355.71278    
24.764   355.93632    
24.776   355.06762    
24.789   355.89242    
24.801   356.57596    
24.813   355.34844    
24.825   354.56060    
24.837   355.81652    
24.849   354.79683    
24.861   356.29301    
24.873   355.88942    
24.886   355.09599    
24.898   354.27377    
24.910   356.03019    
24.922   355.46191    
24.934   353.97137    
24.946   354.81776    
24.959   354.81776    
24.971   355.05914    
24.983   354.20197    
24.995   355.42065    
25.008   355.33354    
25.020   354.59361    
25.032   354.17721    
25.044   355.43922    
25.057   355.58430    
25.069   354.22327    
25.081   355.45061    
25.093   355.13268    
25.106   354.58793    
25.118   355.97741    
25.130   356.03286    
25.142   354.67493    
25.155   354.16945    
25.167   355.83312    
25.180   355.04287    
25.192   353.79822    
25.204   355.53224    
25.216   355.34132    
25.229   355.32572    
25.241   354.30857    
25.253   354.84198    
25.266   355.77409    
25.278   354.26715    
25.290   354.88297    
25.302   356.38468    
25.315   355.22353    
25.327   354.22372    
25.339   355.27539    
25.351   355.30053    
25.364   353.82731    
25.376   355.17854    
25.388   355.19733    
25.400   355.61473    
25.413   355.08611    
25.426   356.09422    
25.438   355.23308    
25.450   355.34665    
25.462   356.18462    
25.474   355.76996    
25.486   355.76996    
25.498   353.98189    
25.511   356.57172    
25.523   356.41618    
25.535   355.13185    
25.547   355.39487    
25.559   356.05809    
25.571   356.52559    
25.584   356.64356    
25.596   356.92398    
25.608   356.71707    
25.620   355.36296    
25.632   357.31140    
25.645   357.07375    
25.657   355.14000    
25.669   356.10462    
25.682   357.45307    
25.695   356.50972    
25.707   355.52975    
25.720   357.09217    
25.733   356.08627    
25.745   356.63704    
25.758   357.52820    
25.770   357.21725    
25.783   357.20015    
25.795   356.37156    
25.808   357.27278    
25.820   359.15109    
25.833   357.34385    
25.845   356.55331    
25.857   358.41733    
25.869   357.95883    
25.881   357.24530    
25.893   358.26370    
25.906   358.45029    
25.918   356.56024    
25.930   357.95598    
25.943   358.67559    
25.955   357.13560    
25.967   358.41522    
25.980   359.11466    
25.992   357.41357    
26.004   358.07661    
26.016   358.58385    
26.029   358.44600    
26.041   358.43957    
26.053   8.49212      
26.065   359.28529    
26.078   359.43099    
26.090   357.65082    
26.102   358.72742    
26.115   359.65943    
26.127   358.43883    
26.139   358.74287    
26.151   359.21596    
26.163   358.60903    
26.176   358.27211    
26.188   359.59947    
26.200   359.70159    
26.212   358.06291    
26.225   359.22471    
26.237   0.42158      
26.249   358.77575    
26.262   358.74962    
26.275   359.90182    
26.287   359.90223    
26.300   359.70096    
26.312   1.37778      
26.325   0.79789      
26.337   359.34804    
26.350   0.37538      
26.362   0.37590      
26.375   2.27245      
26.387   0.49087      
26.400   1.02649      
26.412   1.06810      
26.425   0.56824      
26.437   1.33639      
26.449   2.05519      
26.462   2.47062      
26.474   4.48905      
26.487   2.93516      
26.499   2.25506      
26.512   3.88652      
26.524   3.55607      
26.537   3.12993      
26.549   3.89668      
26.562   4.44065      
26.574   3.30342      
26.586   3.32884      
26.599   4.71243      
26.611   3.56111      
26.624   3.10460      
26.636   4.74988      
26.648   3.93747      
26.661   3.72418      
26.673   4.85073      
26.686   5.32262      
26.698   3.66144      
26.711   4.31959      
26.723   5.49313      
26.735   5.30655      
26.748   4.06546      
26.760   4.84922      
26.773   5.69004      
26.785   4.68420      
26.798   4.22372      
26.810   4.17130      
26.822   4.90081      
26.835   5.59654      
26.848   4.84436      
26.860   5.44323      
26.873   4.51613      
26.885   5.00988      
26.897   5.65257      
26.909   5.91240      
26.922   5.44130      
26.934   5.22265      
26.946   5.48765      
26.959   5.51364      
26.971   6.31055      
26.984   7.09466      
26.996   5.06387      
27.008   5.67343      
27.021   6.80567      
27.033   6.90072      
27.045   6.38402      
27.058   6.38402      
27.070   6.54927      
27.082   6.67319      
27.094   6.42846      
27.107   6.88950      
27.119   7.58779      
27.131   5.47379      
27.144   5.46437      
27.156   6.23742      
27.168   4.89269      
27.181   4.60408      
27.193   5.49698      
27.206   6.51456      
27.218   5.80431      
27.231   6.07996      
27.243   7.07398      
27.256   5.75946      
27.269   4.94400      
27.281   6.70866      
27.293   4.01026      
27.306   5.09478      
27.318   6.89404      
27.330   5.57968      
27.343   3.98278      
27.357   4.98839      
27.369   7.50843      
27.381   6.41016      
27.394   5.62273      
27.406   7.33861      
27.418   5.91108      
27.431   5.74639      
27.443   4.99553      
27.455   5.95373      
27.468   5.77315      
27.480   5.24052      
27.493   6.53577      
27.505   6.85681      
27.518   5.47211      
27.530   6.34721      
27.542   7.02867      
27.555   5.34057      
27.567   5.16306      
27.580   6.30148      
27.592   4.34501      
27.605   4.78730      
27.617   4.85349      
27.629   6.11406      
27.642   4.24786      
27.654   5.19257      
27.666   5.51394      
27.679   4.00663      
27.691   4.49784      
27.704   6.27730      
27.716   3.82079      
27.729   2.64349      
27.741   4.59795      
27.753   4.29940      
27.766   4.29940      
27.778   3.71715      
27.791   3.23625      
27.803   4.70232      
27.816   4.15853      
27.829   3.98565      
27.841   4.24786      
27.853   2.79613      
27.866   3.93188      
27.878   5.05340      
27.890   3.14830      
27.903   2.89358      
27.916   3.73050      
27.928   4.76701      
27.940   1.70400      
27.953   3.04564      
27.965   4.07687      
27.977   4.06237      
27.989   3.81540      
28.002   2.90144      
28.014   2.60437      
28.026   3.58897      
28.039   3.84791      
28.051   3.03496      
28.063   3.50394      
28.076   3.88168      
28.088   3.84029      
28.100   3.80178      
28.113   2.48179      
28.125   1.96142      
28.137   2.97246      
28.150   2.21950      
28.163   1.55088      
28.176   2.18378      
28.188   1.01310      
28.200   2.16147      
28.213   1.89692      
28.225   1.70951      
28.237   1.64411      
28.250   1.28473      
28.262   2.49043      
28.275   1.12835      
28.287   1.18483      
28.299   2.70025      
28.312   1.02303      
28.324   359.42148    
28.336   1.17605      
28.349   2.37893      
28.361   1.71753      
28.373   1.57136      
28.386   1.63947      
28.398   0.34393      
28.410   0.34393      
28.423   0.34176      
28.435   2.61865      
28.447   0.30411      
28.460   359.51047    
28.472   359.65800    
28.484   0.25898      
28.497   0.73707      
28.509   359.73322    
28.521   0.29800      
28.534   358.73721    
28.546   358.65140    
28.559   0.26507      
28.571   358.82721    
28.584   357.72787    
28.596   359.50369    
28.608   359.70221    
28.621   358.97265    
28.633   358.47003    
28.646   357.98590    
28.658   358.22874    
28.670   358.04210    
28.683   357.34781    
28.695   355.92787    
28.707   357.13380    
28.720   356.59587    
28.733   355.89778    
28.746   356.91576    
28.758   357.03049    
28.770   357.03841    
28.782   355.64068    
28.795   356.07409    
28.807   356.08045    
28.820   354.34034    
28.832   355.21062    
28.844   356.90544    
28.857   355.78440    
28.869   356.22107    
28.882   355.76144    
28.894   355.62575    
28.907   353.34494    
28.919   356.95313    
28.932   356.55238    
28.945   354.00452    
28.957   355.20119    
28.970   355.24882    
28.983   355.10368    
28.995   355.64508    
29.008   355.65403    
29.021   354.91736    
29.034   354.13853    
29.047   356.01134    
29.060   355.29192    
29.073   354.69321    
29.087   354.49914    
29.100   355.01611    
29.113   353.90701    
29.126   354.83928    
29.139   355.52561    
29.152   355.24280    
29.164   354.16008    
29.178   355.66599    
29.191   354.89649    
29.204   353.50477    
29.217   354.95645    
29.230   355.17090    
29.243   354.18579    
29.255   353.60194    
29.268   354.62951    
29.282   354.10385    
29.294   354.56959    
29.307   354.92081    
29.320   354.78001    
29.332   353.53803    
29.345   354.77292    
29.357   355.26840    
29.370   353.57046    
29.383   353.75038    
29.395   354.59410    
29.408   355.37131    
29.420   354.07469    
29.433   353.93603    
29.445   355.08123    
29.458   354.85994    
29.471   355.40678    
29.483   355.46375    
29.496   353.99601    
29.508   355.57044    
29.521   355.57265    
29.534   355.29900    
29.547   353.99588    
29.559   355.89262    
29.572   356.62571    
29.585   354.36254    
29.597   354.96094    
29.610   354.84918    
29.623   355.12504    
29.635   356.54963    
29.648   356.25862    
29.661   354.48983    
29.673   354.11861    
29.686   356.59173    
29.699   355.62982    
29.712   355.23948    
29.724   356.53233    
29.737   356.21815    
29.750   354.75444    
29.762   356.46506    
29.775   356.89594    
29.788   356.89594    
29.801   355.99307    
29.813   356.77245    
29.826   357.61241    
29.839   356.47648    
29.851   356.58196    
29.864   356.51310    
29.876   356.82017    
29.889   355.08732    
29.901   356.82859    
29.914   357.99813    
29.926   356.34072    
29.940   355.98137    
29.953   357.17312    
29.966   357.14546    
29.979   356.52061    
29.992   358.27311    
30.005   357.07287    
30.017   357.16569    
30.030   357.97114    
30.042   357.89996    
30.055   357.15327    
30.067   358.28010    
30.080   358.98040    
30.093   357.69000    
30.105   356.72448    
30.118   358.01399    
30.131   358.71334    
30.143   357.86367    
30.156   358.79830    
30.169   358.52160    
30.181   357.97931    
30.194   358.98479    
30.207   359.37107    
30.219   357.69126    
30.232   356.78075    
30.244   359.06957    
30.257   0.33334      
30.269   358.69893    
30.282   359.34894    
30.295   358.60808    
30.308   358.23609    
30.320   359.90108    
30.333   0.29453      
30.345   359.07848    
30.358   358.28519    
30.370   359.90149    
30.383   0.09885      
30.395   358.99040    
30.408   0.40539      
30.421   359.31887    
30.433   359.26138    
30.446   0.22114      
30.458   1.90115      
30.474   0.83002      
30.487   0.46335      
30.499   0.78565      
30.511   0.85658      
30.524   359.94052    
30.536   2.04117      
30.548   1.87556      
30.560   1.87556      
30.573   0.40925      
30.585   2.03677      
30.597   2.18718      
30.611   1.78490      
30.624   1.68707      
30.637   2.70408      
30.650   2.55507      
30.663   1.38153      
30.676   2.19652      
30.689   2.33193      
30.702   1.99742      
30.714   3.46885      
30.727   3.32405      
30.740   4.76701      
30.753   4.78408      
30.765   3.10649      
30.778   4.50011      
30.790   5.29531      
30.804   3.16641      
30.816   3.71919      
30.829   4.68223      
30.841   4.53424      
30.854   3.03311      
30.867   4.78052      
30.879   4.06866      
30.892   4.27184      
30.904   4.95487      
30.917   6.01652      
30.929   4.50854      
30.942   4.33417      
30.955   5.45665      
30.967   4.66317      
30.980   5.41382      
30.992   6.25761      
31.005   5.25125      
31.017   4.85045      
31.030   5.75504      
31.042   6.27933      
31.055   5.18887      
31.068   6.39440      
31.080   7.04464      
31.093   6.42904      
31.105   6.16506      
31.117   7.66279      
31.130   6.31055      
31.143   6.13573      
31.155   6.34250      
31.168   6.73780      
31.181   6.36953      
31.194   6.11998      
31.206   7.17560      
31.219   6.87122      
31.232   6.93435      
31.245   7.93443      
31.259   6.44360      
31.272   6.43702      
31.285   6.86565      
31.297   7.03315      
31.309   6.04090      
31.321   6.55427      
31.334   7.49151      
31.346   7.49151      
31.358   6.57874      
31.370   6.77007      
31.382   7.51101      
31.395   7.15599      
31.407   6.39723      
31.419   7.02755      
31.432   6.29668      
31.444   4.73278      
31.456   6.68158      
31.469   7.52343      
31.481   6.44687      
31.493   6.46480      
31.505   8.12136      
31.518   6.96144      
31.530   6.54527      
31.542   7.37988      
31.554   6.95146      
31.566   6.79093      
31.579   7.04029      
31.591   7.97045      
31.603   7.78015      
31.615   7.20870      
31.627   7.08437      
31.640   8.50167      
31.652   5.73527      
31.664   5.02618      
31.676   6.08934      
31.689   5.64130      
31.702   6.11248      
31.714   6.30123      
31.727   6.47003      
31.740   6.12841      
31.753   7.84234      
31.766   8.23776      
31.778   4.90308      
31.790   4.59939      
31.802   6.06594      
31.814   6.93323      
31.827   5.83616      
31.839   5.46909      
31.851   5.76768      
31.863   6.41472      
31.875   6.86767      
31.887   7.39986      
31.899   7.39986      
31.911   5.34021      
31.924   4.98733      
31.937   6.06838      
31.950   5.11457      
31.962   4.85229      
31.974   4.83751      
31.986   6.79186      
31.999   4.35476      
32.011   4.31010      
32.024   5.96722      
32.036   5.41037      
32.049   2.95312      
32.061   4.58149      
32.073   3.75478      
32.086   4.55177      
32.098   4.84295      
32.110   4.79490      
32.123   4.51505      
32.135   4.31486      
32.147   5.47211      
32.160   3.69846      
32.172   3.59447      
32.185   5.37082      
32.197   4.98870      
32.209   3.78248      
32.222   3.78248      
32.234   5.42916      
32.246   4.31564      
32.258   5.13341      
32.271   3.93422      
32.283   4.34146      
32.295   3.25009      
32.307   3.94732      
32.319   4.54200      
32.331   1.80129      
32.343   3.07293      
32.356   3.84827      
32.368   4.46332      
32.380   1.99549      
32.392   2.81987      
32.404   3.53255      
32.416   2.02497      
32.428   2.44330      
32.441   2.44330      
32.453   3.16641      
32.465   1.01710      
32.477   1.96725      
32.490   3.37985      
32.503   2.09476      
32.515   1.52997      
32.528   1.88025      
32.540   3.04174      
32.553   2.18689      
32.566   0.83297      
32.578   2.43534      
32.591   0.78621      
32.604   1.59229      
32.616   2.54165      
32.629   2.42600      
32.642   1.57454      
32.655   2.35082      
32.667   2.97293      
32.680   1.45805      
32.692   1.11057      
32.705   1.88352      
32.718   0.80086      
32.730   0.34442      
32.743   1.16151      
32.756   0.54203      
32.769   359.93952    
32.781   0.98271      
32.794   0.90333      
32.807   359.70262    
32.819   359.77378    
32.832   1.13857      
32.845   358.91172    
32.857   357.76961    
32.870   359.77459    
32.883   359.28179    
32.895   359.45453    
32.908   359.85645    
32.921   358.68105    
32.934   358.25762    
32.946   359.52768    
32.958   357.16878    
32.971   357.85592    
32.983   358.86195    
32.996   356.90016    
33.008   357.09729    
33.020   357.09729    
33.033   358.49050    
33.045   357.62210    
33.057   356.23295    
33.070   356.66481    
33.082   356.88033    
33.094   356.00237    
33.107   357.96290    
33.119   356.06222    
33.132   356.03669    
33.145   357.06483    
33.158   356.92786    
33.170   356.49134    
33.183   355.55742    
33.196   356.49447    
33.209   355.32870    
33.221   354.68235    
33.234   356.78603    
33.247   356.27195    
33.260   355.02775    
33.272   355.41462    
33.285   356.56869    
33.298   356.44570    
33.310   355.53901    
33.323   356.43581    
33.336   355.57591    
33.348   354.09050    
33.361   356.58135    
33.374   355.52732    
33.386   353.46742    
33.399   353.95389    
33.412   356.59356    
33.424   355.66591    
33.437   354.28548    
33.450   356.00321    
33.462   354.47308    
33.475   354.45792    
33.487   356.44064    
33.500   355.60595    
33.512   354.25847    
33.525   355.51576    
33.537   357.27089    
33.550   355.77713    
33.562   355.34620    
33.575   355.85455    
33.588   356.75114    
33.600   356.35637    
33.613   356.81803    
33.625   356.84350    
33.638   355.94536    
33.650   355.16342    
33.663   356.82840    
33.675   357.92640    
33.688   355.82028    
33.701   355.40818    
33.713   357.49933    
33.726   356.05684    
33.738   355.99428    
33.751   357.41713    
33.763   356.66086    
33.775   357.47561    
33.788   356.96043    
33.800   357.10462    
33.812   356.29779    
33.824   356.45612    
33.836   356.80932    
33.848   356.29267    
33.860   355.18707    
33.873   356.50164    
33.885   356.31949    
33.897   355.39665    
33.909   356.47999    
33.921   356.47999    
33.933   356.56637    
33.945   356.63240    
33.957   356.85441    
33.970   357.25452    
33.982   356.68698    
33.994   355.42687    
34.006   357.46870    
34.018   357.44949    
34.030   355.44538    
34.043   356.37585    
34.055   356.83294    
34.068   356.62775    
34.080   358.41213    
34.092   358.28046    
34.105   356.95769    
34.117   356.35488    
34.129   358.04075    
34.141   358.68196    
34.154   356.90540    
34.166   356.90540    
34.179   357.11012    
34.191   357.95459    
34.204   357.98450    
34.216   358.00808    
34.228   358.71688    
34.241   357.89086    
34.253   357.42033    
34.266   359.27552    
34.278   358.26842    
34.290   356.78297    
34.302   358.31085    
34.315   359.08846    
34.327   356.97787    
34.339   357.75614    
34.352   358.42505    
34.364   357.23286    
34.376   357.88822    
34.388   358.75721    
34.401   359.04839    
34.413   357.93531    
34.425   358.52363    
34.437   359.16206    
34.450   357.87674    
34.462   357.86805    
34.474   358.84799    
34.487   359.94101    
34.499   0.18106      
34.512   358.91945    
34.525   358.90670    
34.537   358.59267    
34.550   358.60138    
34.562   0.69579      
34.575   0.17480      
34.588   358.57376    
34.600   359.42706    
34.613   0.49392      
34.625   0.13965      
34.638   359.42308    
34.650   359.31280    
34.663   358.80242    
34.675   359.35604    
34.688   1.36487      
34.701   0.65421      
34.714   358.68557    
34.726   359.66203    
34.739   0.10180      
34.752   0.30219      
34.765   359.86274    
34.778   0.68626      
34.791   1.34388      
34.803   1.60467      
34.816   1.18679      
34.829   1.35009      
34.842   2.37050      
34.855   2.19786      
34.868   2.39617      
34.880   3.58667      
34.893   2.45172      
34.906   2.32264      
34.919   2.82129      
34.931   2.61175      
34.945   3.24920      
34.958   3.16378      
34.970   4.10890      
34.983   2.60623      
34.996   2.10672      
35.009   3.75140      
35.021   3.87750      
35.034   3.10776      
35.047   3.67469      
35.059   3.34150      
35.072   2.81191      
35.085   3.29623      
35.097   3.81815      
35.110   3.56879      
35.123   2.57822      
35.136   3.34623      
35.148   2.71579      
35.161   2.38764      
35.174   3.29558      
35.186   3.66727      
35.199   2.74663      
35.212   2.69985      
35.225   3.20892      
35.238   2.44383      
35.251   2.22297      
35.264   3.47133      
35.277   2.63174      
35.290   2.39446      
35.302   3.91797      
35.314   2.91947      
35.327   1.69913      
35.339   1.93631      
35.351   2.75053      
35.363   2.69311      
35.375   3.10682      
35.388   2.03368      
35.400   2.89474      
35.412   2.68750      
35.424   2.27180      
35.436   3.55583      
35.449   2.95678      
35.461   1.68588      
35.473   2.66828      
35.485   3.63971      
35.498   2.33028      
35.510   3.14290      
35.522   4.39405      
35.534   3.29411      
35.546   3.05981      
35.559   4.03262      
35.571   4.02329      
35.583   3.02024      
35.595   3.02024      
35.607   4.35019      
35.619   4.53810      
35.632   4.48338      
35.644   4.43575      
35.656   4.81376      
35.668   2.70819      
35.680   3.26172      
35.692   4.34974      
35.704   4.00873      
35.717   3.31575      
35.729   3.96968      
35.741   3.71030      
35.753   2.96928      
35.765   3.70919      
35.777   3.91070      
35.789   1.87821      
35.802   1.95893      
35.814   2.02899      
35.826   2.76956      
35.838   2.96023      
35.850   2.74663      
35.862   2.21487      
35.874   3.52302      
35.886   2.13237      
35.899   2.63077      
35.912   3.07137      
35.924   1.97287      
35.936   1.43513      
35.949   3.21118      
35.962   1.63715      
35.974   1.29471      
35.987   2.00622      
36.000   1.48813      
36.012   2.25832      
36.025   2.63408      
36.037   2.19640      
36.050   1.02602      
36.063   1.60467      
36.075   3.13719      
36.089   1.63025      
36.101   0.83356      
36.113   2.90705      
36.125   2.96657      
36.137   1.28986      
36.150   1.26811      
36.162   1.26811      
36.174   1.52239      
36.187   0.60069      
36.199   1.18569      
36.211   1.73632      
36.224   359.98016    
36.236   359.81957    
36.248   1.32135      
36.261   1.31204      
36.273   0.02022      
36.286   0.58669      
36.298   0.18005      
36.310   359.73920    
36.323   0.89580      
36.335   1.20713      
36.347   359.38839    
36.360   359.70013    
36.372   0.38143      
36.384   0.42971      
36.397   0.78290      
36.409   0.52797      
36.422   0.09872      
36.434   359.26751    
36.449   359.73418    
36.461   0.33797      
36.473   358.33489    
36.486   358.14273    
36.498   0.22099      
36.511   359.69781    
36.523   357.87523    
36.535   357.87523    
36.547   356.97579    
36.560   358.27808    
36.572   358.79416    
36.584   357.62874    
36.596   357.48248    
36.608   358.32228    
36.620   358.54067    
36.632   356.92731    
36.644   358.54561    
36.656   358.54660    
36.669   356.31792    
36.681   357.49950    
36.693   357.33202    
36.705   356.45946    
36.717   356.10819    
36.729   356.64379    
36.741   356.64379
