3.724    169.73562    
3.737    168.28848    
3.749    168.79628    
3.761    169.33217    
3.774    167.82591    
3.786    168.00213    
3.798    168.62314    
3.811    169.26176    
3.823    168.21567    
3.835    168.50377    
3.847    168.60277    
3.859    168.60277    
3.871    167.39692    
3.883    168.35834    
3.896    164.28603    
3.908    166.74999    
3.920    166.82857    
3.932    165.14772    
3.945    166.05588    
3.957    165.38785    
3.970    164.15449    
3.982    165.30781    
3.995    164.85055    
4.007    164.18686    
4.020    163.47518    
4.032    163.70236    
4.045    161.51223    
4.057    161.87717    
4.070    162.39571    
4.082    162.32141    
4.095    161.07985    
4.108    160.81704    
4.121    161.66504    
4.134    159.76315    
4.147    158.93215    
4.160    159.82899    
4.173    160.35364    
4.186    159.04458    
4.199    159.42186    
4.212    160.13714    
4.225    158.53138    
4.237    159.10878    
4.249    158.31094    
4.262    158.17526    
4.274    156.45584    
4.286    158.83373    
4.298    158.04494    
4.310    157.55217    
4.323    157.55217    
4.335    157.18155    
4.347    156.84670    
4.360    155.98186    
4.372    154.92303    
4.385    155.30092    
4.397    154.99740    
4.410    154.25634    
4.422    155.14790    
4.435    153.86124    
4.447    154.06163    
4.460    154.36359    
4.473    152.72631    
4.485    152.74517    
4.498    152.34546    
4.510    153.95632    
4.523    152.44789    
4.536    150.95408    
4.549    152.56212    
4.561    151.05797    
4.574    150.03800    
4.586    151.16360    
4.599    149.47559    
4.612    148.99663    
4.625    147.66181    
4.638    148.78298    
4.651    147.06573    
4.663    146.97307    
4.676    147.85081    
4.689    147.68560    
4.702    146.18453    
4.715    146.16405    
4.728    146.10111    
4.741    143.89376    
4.754    144.14440    
4.767    145.03131    
4.780    143.38759    
4.793    143.74713    
4.806    143.61339    
4.818    142.80036    
4.831    141.55114    
4.844    141.92769    
4.857    140.39646    
4.870    139.76894    
4.883    139.95368    
4.895    141.30470    
4.908    138.12073    
4.921    139.32798    
4.933    138.33520    
4.946    137.46995    
4.959    136.18698    
4.971    136.72257    
4.984    136.84437    
4.997    135.08801    
5.009    136.94084    
5.022    135.21497    
5.035    134.76267    
5.048    133.98966    
5.061    134.56847    
5.074    134.44874    
5.087    131.82770    
5.100    131.40532    
5.112    131.64838    
5.125    131.79737    
5.137    130.70990    
5.149    132.23771    
5.161    128.95710    
5.174    129.84013    
5.187    128.90560    
5.199    135.12512    
5.211    129.12389    
5.223    127.23426    
5.235    128.94445    
5.247    126.90978    
5.259    127.39289    
5.272    126.74904    
5.284    125.99761    
5.296    126.56418    
5.308    124.74245    
5.320    124.86489    
5.332    123.22806    
5.344    122.40841    
5.357    123.70023    
5.369    123.21104    
5.381    122.25426    
5.393    122.41918    
5.406    120.77741    
5.418    120.14844    
5.430    120.30450    
5.442    119.73584    
5.455    119.60773    
5.467    120.07754    
5.479    118.09423    
5.491    118.86862    
5.504    117.77744    
5.516    115.89267    
5.528    117.04139    
5.541    115.86535    
5.553    116.34698    
5.566    115.41961    
5.578    114.29471    
5.590    114.70076    
5.603    113.18126    
5.615    113.77502    
5.628    113.38431    
5.640    113.01235    
5.653    112.18368    
5.665    112.86918    
5.678    109.76744    
5.690    110.13215    
5.702    109.73405    
5.715    108.94572    
5.729    109.21456    
5.742    107.20681    
5.754    107.78082    
5.766    107.53112    
5.779    105.10976    
5.791    105.10976    
5.803    107.07230    
5.816    104.45835    
5.828    106.14678    
5.840    105.11497    
5.853    103.99470    
5.865    103.63151    
5.877    102.09614    
5.890    103.80987    
5.902    101.82875    
5.915    101.72831    
5.927    99.22869     
5.940    100.36332    
5.952    99.93639     
5.965    98.01109     
5.977    97.69657     
5.990    99.34195     
6.002    96.62479     
6.014    97.99669     
6.026    96.52200     
6.038    93.18314     
6.050    94.59301     
6.063    95.01277     
6.075    94.98889     
6.087    94.97148     
6.100    91.64748     
6.112    92.03772     
6.125    91.49101     
6.137    90.35477     
6.150    89.84134     
6.162    89.10387     
6.175    89.10451     
6.187    88.03543     
6.200    86.56597     
6.212    86.58589     
6.225    87.92335     
6.237    83.96985     
6.250    84.31679     
6.262    83.67575     
6.275    83.03560     
6.288    81.93692     
6.301    83.52954     
6.313    81.85548     
6.326    80.55455     
6.338    79.19608     
6.351    78.73545     
6.363    78.63697     
6.376    77.57869     
6.389    76.65756     
6.401    77.45289     
6.413    77.64602     
6.426    73.53028     
6.438    77.39329     
6.450    73.00092     
6.463    73.82763     
6.475    71.24671     
6.488    71.81650     
6.500    70.89165     
6.513    69.89251     
6.525    70.23995     
6.537    69.09904     
6.550    69.18795     
6.562    66.68536     
6.575    66.48075     
6.587    65.28472     
6.600    62.76057     
6.612    62.93868     
6.625    62.83576     
6.637    62.46409     
6.649    61.30914     
6.662    61.15242     
6.674    61.04494     
6.687    60.32538     
6.699    59.24838     
6.711    58.24491     
6.724    54.59163     
6.737    55.78935     
6.749    55.83446     
6.761    53.41356     
6.774    52.20893     
6.786    51.47340     
6.798    50.15221     
6.810    50.48473     
6.823    48.50543     
6.835    46.80215     
6.848    46.27734     
6.860    46.68516     
6.873    45.77443     
6.885    44.85892     
6.897    43.25381     
6.910    43.63950     
6.922    43.01754     
6.935    41.72995     
6.948    40.64228     
6.960    40.41307     
6.973    39.90459     
6.985    37.93073     
6.998    37.09752     
7.010    36.79116     
7.022    34.72446     
7.034    35.35489     
7.047    33.54185     
7.059    31.47647     
7.071    31.82415     
7.084    33.02936     
7.096    29.57933     
7.108    27.60685     
7.120    28.76275     
7.133    27.64689     
7.145    24.87092     
7.157    26.09821     
7.169    23.99786     
7.182    23.99786     
7.194    20.88736     
7.206    21.33563     
7.219    23.02549     
7.231    18.92869     
7.243    20.32389     
7.255    21.30500     
7.268    17.45694     
7.280    16.12388     
7.292    16.48115     
7.304    16.11027     
7.317    12.91578     
7.329    14.41791     
7.341    13.72786     
7.353    11.70847     
7.365    11.54082     
7.378    10.92244     
7.390    8.94962      
7.402    8.41882      
7.415    8.19538      
7.427    6.82743      
7.439    6.82743      
7.451    4.96345      
7.464    6.05301      
7.476    2.76428      
7.488    1.63715      
7.500    2.75210      
7.512    0.88110      
7.524    0.78235      
7.536    0.14202      
7.549    1.51070      
7.561    357.96290    
7.573    358.16448    
7.585    358.23433    
7.597    356.43555    
7.609    355.79751    
7.621    355.82397    
7.633    354.45378    
7.645    353.39600    
7.658    352.58023    
7.670    351.66797    
7.682    350.39184    
7.694    351.55229    
7.706    351.08120    
7.719    349.38034    
7.731    349.73247    
7.743    349.18714    
7.756    347.59821    
7.768    348.80079    
7.780    348.69373    
7.792    346.67823    
7.805    347.00672    
7.817    347.20198    
7.829    345.72749    
7.842    345.48203    
7.854    345.65837    
7.866    344.32489    
7.880    343.22040    
7.892    344.23302    
7.904    343.67972    
7.917    343.56939    
7.929    339.36624    
7.941    342.15288    
7.953    343.46777    
7.965    343.39273    
7.977    340.99184    
7.989    342.48936    
8.002    342.43216    
8.014    339.80930    
8.027    341.19555    
8.039    341.75649    
8.051    339.96298    
8.063    340.82028    
8.075    340.58481    
8.087    340.78432    
8.100    338.51869    
8.112    341.12167    
8.124    340.40069    
8.136    339.86370    
8.148    339.48458    
8.161    340.36731    
8.173    340.88177    
8.185    339.64885    
8.197    338.77588    
8.210    340.86669    
8.222    339.95082    
8.236    338.36584    
8.249    339.48479    
8.261    340.36253    
8.273    339.22500    
8.285    338.91841    
8.297    340.40193    
8.309    340.21749    
8.322    339.34083    
8.334    339.36525    
8.346    340.28280    
8.358    338.31317    
8.371    339.71744    
8.383    339.88250    
8.396    338.89713    
8.408    338.84136    
8.420    339.89639    
8.433    340.25764    
8.445    338.88254    
8.457    340.40312    
8.470    340.32746    
8.482    340.32746    
8.495    339.39234    
8.507    340.74206    
8.519    340.77861    
8.532    339.37942    
8.544    340.35997    
8.557    341.33309    
8.569    339.94891    
8.581    340.31839    
8.594    341.43908    
8.606    341.88801    
8.618    339.84545    
8.631    342.46663    
8.643    340.78281    
8.656    341.59269    
8.668    341.70037    
8.681    343.78011    
8.693    342.38974    
8.706    343.24830    
8.718    343.39509    
8.731    342.51961    
8.744    341.96690    
8.756    343.99947    
8.769    343.35264    
8.781    342.32555    
8.794    344.42269    
8.807    344.63326    
8.819    343.50131    
8.832    343.89606    
8.844    346.59168    
8.857    344.96895    
8.869    343.77370    
8.882    347.66384    
8.895    346.61955    
8.907    346.54147    
8.920    344.64753    
8.932    346.38394    
8.944    347.57495    
8.957    345.78346    
8.969    345.66380    
8.981    348.63676    
8.994    346.51622    
9.006    346.64280    
9.018    348.74970    
9.031    348.13051    
9.043    347.01202    
9.055    348.62559    
9.068    349.25110    
9.080    347.85506    
9.092    349.75361    
9.105    350.04287    
9.117    349.67728    
9.129    350.08261    
9.142    350.54391    
9.154    350.58464    
9.166    350.76150    
9.178    352.04771    
9.190    352.04771    
9.203    352.18796    
9.215    351.54250    
9.227    352.20108    
9.241    354.32661    
9.253    352.76046    
9.266    353.02893    
9.278    354.49783    
9.290    352.62344    
9.303    352.59273    
9.315    354.45906    
9.328    355.32911    
9.340    353.34184    
9.353    354.50078    
9.365    355.68155    
9.377    355.20565    
9.390    354.98193    
9.402    356.01035    
9.414    355.31988    
9.426    354.86553    
9.439    356.54350    
9.451    357.05246    
9.463    355.12712    
9.475    356.26062    
9.487    358.44822    
9.500    358.44822    
9.512    354.96086    
9.524    357.12649    
9.536    358.94265    
9.549    358.03730    
9.561    357.85004    
9.573    359.60080    
9.585    358.86195    
9.598    356.80760    
9.610    359.55330    
9.623    0.05733      
9.635    357.69817    
9.647    0.09672      
9.659    0.55090      
9.672    359.43905    
9.684    359.19994    
9.696    1.21929      
9.709    0.94775      
9.721    359.94089    
9.733    2.26309      
9.745    3.05794      
9.758    1.52199      
9.770    2.46982      
9.783    2.45123      
9.795    2.39567      
9.807    2.75136      
9.820    3.56177      
9.832    4.25432      
9.845    3.33482      
9.857    1.67541      
9.869    3.72463      
9.882    4.66162      
9.894    2.77022      
9.907    4.41862      
9.919    3.87617      
9.932    4.35492      
9.944    3.67910      
9.956    5.52303      
9.969    4.92307      
9.981    3.88211      
9.994    6.78699      
10.006   7.36098      
10.018   8.01108      
10.031   7.44781      
10.043   6.36061      
10.055   8.38261      
10.068   8.13299      
10.080   9.17215      
10.092   8.47944      
10.105   8.47944      
10.117   9.03069      
10.129   8.97795      
10.142   9.12010      
10.154   10.28435     
10.167   9.78860      
10.179   9.50245      
10.191   11.31399     
10.204   11.63124     
10.217   9.58267      
10.229   9.55085      
10.242   11.13356     
10.255   10.14031     
10.267   9.60615      
10.280   12.73556     
10.293   11.02745     
10.306   10.72780     
10.319   11.57593     
10.332   10.32141     
10.345   10.87027     
10.358   11.41154     
10.371   12.33405     
10.383   11.38699     
10.396   11.96028     
10.408   11.93642     
10.421   12.49457     
10.434   9.97733      
10.446   13.32130     
10.459   12.01705     
10.471   11.69873     
10.484   11.04144     
10.496   12.24834     
10.509   10.85112     
10.522   11.76655     
10.534   13.47698     
10.547   10.53965     
10.559   10.51032     
10.572   11.50931     
10.585   11.58228     
10.597   10.67008     
10.610   11.37205     
10.623   12.04072     
10.635   11.19511     
10.648   10.84771     
10.660   10.20233     
10.673   11.09412     
10.685   10.11850     
10.698   12.09476     
10.710   0.95116      
10.723   9.30101      
10.735   9.78589      
10.748   9.01306      
10.760   10.81005     
10.773   8.73506      
10.785   9.67336      
10.798   10.01391     
10.811   8.38650      
10.823   8.44572      
10.836   8.73827      
10.848   9.07167      
10.861   7.33829      
10.873   7.49914      
10.886   9.34749      
10.898   6.45463      
10.911   7.36118      
10.924   7.51281      
10.936   6.57258      
10.949   5.26022      
10.961   5.92195      
10.974   7.39880      
10.987   4.73940      
11.000   5.36202      
11.012   6.66379      
11.025   3.03557      
11.037   6.10369      
11.050   6.11409      
11.063   4.28814      
11.075   5.05314      
11.088   6.35556      
11.100   3.69074      
11.113   4.75331      
11.126   4.08270      
11.139   3.83123      
11.151   3.50228      
11.163   3.27107      
11.176   3.58622      
11.188   3.78048      
11.200   1.94795      
11.212   3.71139      
11.225   3.72965      
11.237   0.80665      
11.249   0.49735      
11.262   2.81262      
11.274   2.46982      
11.286   0.79403      
11.298   1.89020      
11.311   1.09103      
11.323   1.56258      
11.335   1.62683      
11.347   2.16896      
11.360   0.45948      
11.372   359.97998    
11.385   359.82132    
11.397   0.41121      
11.410   359.86586    
11.422   357.53900    
11.435   357.16073    
11.447   358.58534    
11.460   357.21330    
11.473   356.44305    
11.485   357.43422    
11.498   357.83193    
11.510   356.52776    
11.523   356.81806    
11.536   357.43818    
11.548   356.36797    
11.561   355.26715    
11.574   356.40208    
11.586   355.84625    
11.599   354.33112    
11.612   356.08045    
11.624   356.10639    
11.637   354.20860    
11.650   354.81554    
11.662   355.56806    
11.675   354.11028    
11.687   354.24846    
11.699   354.03690    
11.711   355.51872    
11.723   354.74208    
11.735   353.32829    
11.747   355.06234    
11.760   354.60601    
11.772   352.49251    
11.784   354.83487    
11.796   354.69016    
11.808   352.82317    
11.820   353.35700    
11.832   354.97613    
11.845   354.64760    
11.857   352.14097    
11.869   352.14097    
11.882   354.71193    
11.894   354.28558    
11.906   352.39678    
11.918   353.60465    
11.931   354.45164    
11.943   353.44451    
11.955   351.77959    
11.968   354.15297    
11.980   353.51269    
11.992   352.70768    
12.005   354.95864    
12.017   353.46141    
12.029   351.61105    
12.041   353.41945    
12.054   353.20830    
12.066   353.03174    
12.078   353.33125    
12.091   353.39931    
12.103   353.34432    
12.115   352.46055    
12.127   353.74013    
12.140   353.45219    
12.152   353.45219    
12.164   353.21879    
12.176   353.57416    
12.188   353.29809    
12.201   352.56622    
12.213   352.87966    
12.225   354.36431    
12.238   353.69004    
12.250   353.62436    
12.263   354.63716    
12.275   353.49533    
12.287   353.70230    
12.300   353.90469    
12.312   354.86995    
12.325   354.15707    
12.337   354.41921    
12.349   356.21443    
12.362   354.71207    
12.374   353.36706    
12.387   355.94862    
12.399   355.67447    
12.411   354.53210    
12.424   355.30262    
12.436   356.55331    
12.449   354.95974    
12.461   354.95974    
12.474   354.95866    
12.486   356.52296    
12.498   354.89917    
12.511   354.26290    
12.523   357.00043    
12.536   355.77939    
12.548   355.59417    
12.560   356.98229    
12.573   357.23101    
12.585   355.97949    
12.597   356.57241    
12.610   357.57431    
12.622   355.98681    
12.635   356.87753    
12.647   357.46349    
12.660   358.17556    
12.672   357.25297    
12.684   357.49967    
12.697   359.10124    
12.709   356.98005    
12.721   357.90565    
12.734   359.70847    
12.746   357.65773    
12.759   358.00841    
12.771   0.39894      
12.784   357.91025    
12.797   357.91025    
12.809   357.90613    
12.821   359.48435    
12.833   0.25283      
12.846   358.78318    
12.858   359.78935    
12.871   1.38059      
12.883   358.73327    
12.896   359.98039    
12.908   1.69730      
12.920   0.28629      
12.934   1.72106      
12.947   0.55090      
12.960   1.52304      
12.972   3.76456      
12.984   2.15682      
12.996   1.59114      
13.008   3.82072      
13.020   3.35839      
13.032   4.64557      
13.045   5.27045      
13.057   4.34895      
13.069   3.40788      
13.081   3.84864      
13.093   4.60869      
13.105   4.60869      
13.117   3.84518      
13.129   3.45156      
13.141   5.83406      
13.154   4.56658      
13.166   4.97589      
13.178   5.28342      
13.190   5.01140      
13.202   5.22156      
13.214   6.29752      
13.226   6.07374      
13.239   4.21812      
13.251   5.04957      
13.263   6.36516      
13.276   5.55297      
13.288   4.11707      
13.301   6.42387      
13.313   6.95655      
13.325   4.19935      
13.338   5.05531      
13.350   6.40395      
13.363   5.57171      
13.375   5.70247      
13.388   5.58589      
13.400   7.65822      
13.413   7.26363      
13.425   5.67021      
13.438   5.71862      
13.450   6.47410      
13.463   5.23339      
13.475   5.71463      
13.488   6.46593      
13.500   5.65821      
13.513   6.82572      
13.525   7.01175      
13.539   5.05069      
13.551   4.06566      
13.564   5.92761      
13.577   5.57268      
13.590   3.76097      
13.603   5.82926      
13.615   5.68247      
13.628   4.77350      
13.641   4.80125      
13.653   6.22105      
13.666   4.48954      
13.678   4.42478      
13.691   5.34580      
13.703   4.01041      
13.716   4.43862      
13.728   4.80739      
13.741   4.59808      
13.753   3.71073      
13.766   4.91591      
13.778   5.21757      
13.791   4.08000      
13.804   4.54067      
13.816   3.86928      
13.828   3.15781      
13.841   4.29911      
13.853   3.24607      
13.866   3.21344      
13.878   2.97137      
13.891   2.99459      
13.903   3.65952      
13.916   3.18633      
13.928   2.69953      
13.940   3.09242      
13.953   3.66625      
13.965   1.45198      
13.977   1.58885      
13.990   2.43965      
14.002   2.00494      
14.015   2.37940      
14.028   1.73511      
14.040   1.33639      
14.053   0.78931      
14.065   1.13778      
14.077   2.06544      
14.090   0.72697      
14.102   1.91705      
14.115   1.30104      
14.127   0.38740      
14.141   359.70688    
14.154   0.44670      
14.167   359.66734    
14.180   0.33334      
14.193   359.43715    
14.206   0.21235      
14.219   358.52383    
14.232   358.25658    
14.245   359.44169    
14.258   359.16263    
14.271   358.75119    
14.285   359.43331    
14.298   359.01224    
14.311   357.90337    
14.324   358.51342    
14.337   358.72992    
14.350   357.32941    
14.363   356.85211    
14.376   358.83449    
14.389   357.13759    
14.401   356.24607    
14.415   357.39569    
14.428   357.02904    
14.441   357.22176    
14.453   357.17171    
14.465   354.33370    
14.477   355.97404    
14.489   355.62034    
14.502   353.27788    
14.514   354.40176    
14.526   355.48403    
14.539   353.67875    
14.552   354.43797    
14.564   355.79077    
14.577   354.18162    
14.589   353.50692    
14.602   355.35682    
14.614   354.12812    
14.627   354.58009    
14.639   355.25180    
14.652   354.43557    
14.664   353.67348    
14.677   353.09816    
14.689   353.09816    
14.701   353.72711    
14.714   353.78125    
14.727   351.87769    
14.739   353.87209    
14.751   353.78343    
14.764   352.08040    
14.776   353.37211    
14.789   353.97849    
14.801   353.45341    
14.814   352.67982    
14.826   352.85623    
14.838   353.26963    
14.850   351.88317    
14.863   353.75635    
14.875   353.81249    
14.888   352.48765    
14.900   353.18460    
14.913   353.43517    
14.925   352.56778    
14.937   352.45301    
14.949   352.25514    
14.961   353.76976    
14.973   351.77793    
14.986   353.73606    
14.998   353.71563    
15.010   354.09063    
15.022   353.18139    
15.035   354.19168    
15.047   353.22309    
15.059   352.88862    
15.071   352.74714    
15.084   353.42093    
15.096   353.41240    
15.108   352.71277    
15.120   354.37335    
15.132   354.32248    
15.144   352.79587    
15.156   352.94864    
15.169   353.35055    
15.181   352.54482    
15.193   354.61872    
15.205   354.92970    
15.217   354.92970    
15.229   353.46800    
15.241   353.67010    
15.253   354.41753    
15.265   354.10611    
15.278   352.31339    
15.290   354.17254    
15.302   354.14919    
15.314   353.23414    
15.326   353.47649    
15.338   355.39361    
15.351   354.40467    
15.364   353.94694    
15.377   354.35493    
15.389   354.93330    
15.402   353.92074    
15.415   354.73474    
15.427   356.12180    
15.440   353.82358    
15.452   354.92998    
15.465   356.10118    
15.477   355.93323    
15.490   355.88674    
15.502   358.11288    
15.515   356.13961    
15.527   355.75874    
15.540   357.86586    
15.552   357.19508    
15.565   355.41795    
15.577   355.29014    
15.590   357.25504    
15.603   358.04832    
15.615   356.67350    
15.628   357.12480    
15.640   358.95803    
15.653   357.28526    
15.665   357.40260    
15.678   358.70147    
15.691   357.76605    
15.703   357.68609    
15.716   358.73660    
15.728   358.70332    
15.741   357.27460    
15.753   359.51902    
15.765   0.13263      
15.777   359.09642    
15.789   358.31189    
15.802   0.58386      
15.814   359.78851    
15.826   359.44244    
15.838   359.94247    
15.850   0.71327      
15.862   359.59352    
15.875   359.90607    
15.887   1.48372      
15.899   1.52265      
15.912   359.90601    
15.924   0.09626      
15.936   2.14569      
15.948   1.89742      
15.961   1.40678      
15.973   1.82961      
15.985   2.32959      
15.997   2.99940      
16.009   2.74916      
16.022   3.02612      
16.034   1.78257      
16.046   3.81798      
16.058   3.62025      
16.070   3.10866      
16.083   2.66163      
16.095   3.29354      
16.107   4.61256      
16.119   2.74949      
16.131   2.74949      
16.144   4.22705      
16.156   3.79997      
16.168   3.19723      
16.180   4.32389      
16.192   5.11285      
16.205   6.88455      
16.217   7.32868      
16.229   5.13076      
16.241   7.28605      
16.254   7.92569      
16.266   6.06517      
16.278   5.89989      
16.290   7.89682      
16.302   7.29404      
16.315   7.12008      
16.327   7.44836      
16.339   7.58541      
16.351   6.26349      
16.363   7.20854      
16.376   7.59051      
16.388   9.70719      
16.400   8.19603      
16.412   8.30961      
16.425   9.46232      
16.437   9.61801      
16.449   7.45336      
16.462   8.43816      
16.474   9.51758      
16.486   8.62862      
16.499   8.42475      
16.512   11.26563     
16.525   10.89785     
16.537   8.66157      
16.550   10.23195     
16.563   10.22121     
16.575   8.77659      
16.588   10.91279     
16.601   11.62143     
16.613   9.35274      
16.626   9.68724      
16.639   9.94668      
16.652   9.20181      
16.664   9.65767      
16.677   11.02267     
16.690   10.69065     
16.702   8.61010      
16.715   9.30961      
16.728   9.94818      
16.741   9.83987      
16.753   8.86033      
16.766   10.22582     
16.779   8.89462      
16.791   6.63487      
16.804   8.20683      
16.817   9.42166      
16.829   8.25333      
16.842   9.61007      
16.854   9.12158      
16.867   8.21340      
16.880   6.77943      
16.895   8.97158      
16.907   7.24622      
16.920   6.07028      
16.932   9.42826      
16.944   7.34781      
16.957   6.72318      
16.970   8.08157      
16.982   7.34528      
16.995   7.29597      
17.008   6.67533      
17.021   7.72751      
17.034   6.41570      
17.046   4.88786      
17.058   4.97066      
17.070   7.37637      
17.082   6.21743      
17.094   5.00364      
17.107   6.44687      
17.119   4.88572      
17.131   3.59889      
17.143   5.51364      
17.155   6.04623      
17.168   2.12785      
17.180   2.85216      
17.193   5.12057      
17.205   2.81788      
17.217   2.70845      
17.230   2.83431      
17.242   1.85616      
17.254   1.91587      
17.267   2.50609      
17.279   2.53197      
17.292   2.77859      
17.304   1.04498      
17.316   1.04498      
17.329   2.66163      
17.341   1.62569      
17.353   1.72038      
17.366   1.63947      
17.378   0.86630      
17.391   0.09926      
17.403   1.45933      
17.415   0.98113      
17.428   0.41461      
17.440   0.61287      
17.452   0.72997      
17.465   359.82243    
17.477   359.61830    
17.489   359.66802    
17.502   359.74579    
17.514   359.55360    
17.527   358.93190    
17.539   358.95179    
17.551   357.67107    
17.564   359.28044    
17.576   358.23364    
17.589   356.92072    
17.601   357.11690    
17.613   358.17652    
17.627   357.05694    
17.639   355.67287    
17.651   355.67287    
17.663   356.12050    
17.676   355.69739    
17.688   355.61771    
17.700   357.01894    
17.713   352.47792    
17.725   353.48598    
17.738   354.64417    
17.750   352.66899    
17.763   354.04398    
17.775   355.24912    
17.787   353.01550    
17.800   353.38681    
17.812   353.73198    
17.825   352.61664    
17.837   352.71584    
17.849   353.71596    
17.861   353.23038    
17.874   351.79977    
17.886   353.63705    
17.899   353.88840    
17.912   351.59786    
17.925   353.08931    
17.937   354.78685    
17.950   352.81766    
17.963   352.06545    
17.975   354.10966    
17.988   353.59713    
18.001   352.02039    
18.014   353.85770    
18.027   353.29543    
18.040   351.04012    
18.053   352.86122    
18.066   352.70854    
18.078   351.39382    
18.091   352.33458    
18.104   352.19904    
18.117   352.02402    
18.130   352.02075    
18.142   352.50611    
18.155   353.05727    
18.168   351.14467    
18.181   353.13107    
18.193   353.30843    
18.207   352.94826    
18.220   351.73457    
18.233   353.75635    
18.246   352.59738    
18.259   351.12725    
18.272   353.72790    
18.284   353.91318    
18.297   351.78667    
18.310   354.59178    
18.323   353.87668    
18.336   353.08710    
18.349   353.33778    
18.362   353.14176    
18.375   354.22146    
18.388   352.97535    
18.401   353.87769    
18.414   354.35474    
18.427   352.38950    
18.440   354.33313    
18.453   355.01480    
18.466   352.93852    
18.479   354.14446    
18.492   354.63365    
18.505   353.98431    
18.518   353.87782    
18.531   354.99565    
18.544   353.86334    
18.557   353.89757    
18.570   354.27123    
18.583   355.17721    
18.595   354.48286    
18.608   355.31966    
18.621   354.75023    
18.633   354.82834    
18.646   354.28568    
18.658   355.59423    
18.671   355.21769    
18.684   354.99183    
18.696   355.97568    
18.709   356.77107    
18.722   355.00314    
18.734   355.96515    
18.747   357.39914    
18.760   356.87821    
18.772   356.32332    
18.785   357.71935    
18.798   356.18974    
18.810   356.35050    
18.823   356.41899    
18.836   358.07285    
18.848   358.24697    
18.860   356.52352    
18.873   358.72655    
18.886   357.88927    
18.899   357.79740    
18.911   358.24313    
18.923   358.78470    
18.936   358.54364    
18.948   358.25208    
18.961   359.10779    
18.974   359.20325    
18.987   358.40260    
19.000   359.94065    
19.013   359.52602    
19.026   358.74878    
19.039   359.53191    
19.052   0.21036      
19.065   358.78071    
19.078   358.72992    
19.091   0.90541      
19.104   0.71423      
19.117   359.64285    
19.130   0.84252      
19.142   0.72201      
19.155   0.05807      
19.168   1.76148      
19.181   2.37790      
19.194   0.92089      
19.207   1.28453      
19.220   2.60602      
19.233   1.62295      
19.246   3.58600      
19.259   3.10098      
19.272   2.89147      
19.284   4.96034      
19.297   4.12284      
19.309   4.23425      
19.322   4.73107      
19.335   5.91902      
19.347   5.02171      
19.360   5.38741      
19.373   6.05068      
19.387   4.63281      
19.401   5.52434      
19.413   7.26709      
19.426   6.06443      
19.438   5.18538      
19.451   6.04623      
19.463   6.50668      
19.475   6.93380      
19.488   6.35116      
19.500   7.67130      
19.512   6.45918      
19.525   7.37159      
19.537   7.73236      
19.550   8.34907      
19.562   7.45864      
19.574   7.64732      
19.587   7.46251      
19.599   7.29371      
19.612   7.50018      
19.624   8.56111      
19.636   7.93276      
19.649   6.89353      
19.661   8.50477      
19.673   8.06963      
19.686   8.06963      
19.698   8.17319      
19.711   7.91478      
19.723   9.61275      
19.735   9.39414      
19.748   7.84552      
19.760   9.11617      
19.773   9.81539      
19.785   7.36402      
19.797   9.31344      
19.809   10.15637     
19.822   7.97843      
19.834   8.11034      
19.846   10.00449     
19.858   6.65971      
19.870   7.65920      
19.882   8.96303      
19.894   7.45716      
19.906   7.79229      
19.918   9.01525      
19.930   6.39130      
19.943   6.55671      
19.955   7.04277      
19.967   7.85836      
19.980   7.64803      
19.992   6.93002      
20.004   6.62467      
20.017   8.59957      
20.029   5.94935      
20.041   7.46849      
20.054   7.62189      
20.066   6.95246      
20.079   6.19561      
20.091   8.24837      
20.103   7.34385      
20.116   6.15124      
20.128   7.37016      
20.140   8.76035      
20.153   6.68261      
20.166   5.65501      
20.178   7.73385      
20.191   6.85991      
20.203   4.91762      
20.216   7.27794      
20.229   6.07898      
20.241   4.46778      
20.254   6.54333      
20.266   5.72239      
20.279   4.59894      
20.292   5.01630      
20.304   5.33943      
20.317   5.26501      
20.329   5.07830      
20.342   4.34451      
20.355   4.54625      
20.367   4.78671      
20.380   3.67684      
20.392   3.79707      
20.405   5.34955      
20.417   1.92902      
20.430   2.91991      
20.443   3.61968      
20.455   1.90262      
20.468   3.13772      
20.480   2.40747      
20.493   0.60494      
20.505   1.23683      
20.518   0.25863      
20.531   1.36299      
20.543   0.05819      
20.556   0.14172      
20.569   1.71717      
20.581   359.43524    
20.594   358.96723    
20.607   359.40198    
20.619   0.25491      
20.632   359.94185    
20.645   358.75977    
20.657   0.13849      
20.670   0.13965      
20.682   357.31436    
20.695   0.33703      
20.707   359.58625    
20.720   358.10516    
20.732   358.89006    
20.745   358.53869    
20.758   356.53120    
20.770   355.19573    
20.783   355.77939    
20.795   356.71707    
20.808   356.39753    
20.820   354.81073    
20.833   356.14299    
20.846   356.36126    
20.859   354.59571    
20.871   354.80390    
20.883   356.31517    
20.896   356.33410    
20.908   355.04551    
20.921   354.71127    
20.933   355.44475    
20.946   354.40392    
20.958   354.11879    
20.971   354.85836    
20.983   355.21238    
20.996   353.27396    
21.008   353.82344    
21.021   354.39073    
21.033   353.68201    
21.046   353.14918    
21.058   353.70828    
21.071   354.03739    
21.083   352.25984    
21.096   353.15796    
21.108   353.79413    
21.121   352.16730    
21.133   353.24183    
21.146   352.87498    
21.158   352.71529    
21.171   352.79830    
21.183   352.85201    
21.196   353.61233    
21.208   352.44815    
21.221   353.37632    
21.233   353.36120    
21.246   352.27849    
21.258   352.80322    
21.271   352.19600    
21.283   353.59749    
21.296   351.75648    
21.308   352.83287    
21.321   352.19601    
21.333   353.27605    
21.346   351.97507    
21.358   352.64233    
21.370   353.94299    
21.382   352.34153    
21.394   352.95647    
21.406   354.40858    
21.419   352.73534    
21.431   352.81649    
21.443   354.62307    
21.455   353.31729    
21.467   352.36392    
21.479   355.23636    
21.491   354.06590    
21.503   353.03335    
21.516   354.09322    
21.528   354.57794    
21.540   354.57794    
21.552   353.39308    
21.564   354.62480    
21.576   354.76375    
21.589   354.77098    
21.601   354.32589    
21.613   354.87646    
21.625   354.44805    
21.638   354.43631    
21.650   355.54463    
21.662   356.21935    
21.675   354.97862    
21.687   355.59710    
21.700   356.43542    
21.712   354.60758    
21.724   356.49388    
21.737   356.71554    
21.749   355.52301    
21.762   355.51215    
21.774   357.79450    
21.786   355.63686    
21.799   355.12392    
21.812   356.97834    
21.824   356.63887    
21.836   355.80582    
21.849   355.68573    
21.862   356.96499    
21.874   358.27777    
21.886   355.40012    
21.899   356.17241    
21.911   359.33994    
21.924   357.76273    
21.936   355.85565    
21.948   358.77188    
21.961   358.25120    
21.973   357.53091    
21.985   358.05821    
21.998   359.55927    
22.010   358.62260    
22.023   357.69983    
22.035   0.75743      
22.047   359.22578    
22.060   357.81202    
22.072   0.35506      
22.084   359.41421    
22.097   358.40779    
22.109   0.38738      
22.122   1.39764      
22.134   359.52602    
22.146   359.56394    
22.159   1.95168      
22.171   1.95168      
22.183   0.44191      
22.196   1.26340      
22.208   1.98470      
22.220   1.89540      
22.233   1.29174      
22.245   2.94480      
22.258   2.16000      
22.270   1.13423      
22.282   2.77453      
22.295   3.98689      
22.307   3.11967      
22.320   2.82352      
22.332   4.90401      
22.345   2.99228      
22.357   2.36158      
22.370   4.01113      
22.382   4.42129      
22.395   3.91207      
22.407   4.74117      
22.420   4.09700      
22.432   3.58856      
22.445   4.24283      
22.457   6.68325      
22.470   5.90944      
22.482   8.78100      
22.495   6.18554      
22.507   7.09003      
22.520   8.33882      
22.532   6.75664      
22.545   7.53148      
22.558   8.29058      
22.570   8.52672      
22.582   10.26276     
22.595   7.55989      
22.607   8.35247      
22.620   9.13431      
22.633   9.10688      
22.645   8.71987      
22.659   10.62974     
22.671   8.01961      
22.683   8.77224      
22.695   10.29169     
22.707   10.45651     
22.720   9.54784      
22.732   9.41449      
22.744   10.46700     
22.756   10.40234     
22.768   9.81930      
22.781   11.22092     
22.793   11.16279     
22.805   10.13337     
22.817   12.92099     
22.829   11.25998     
22.842   10.19038     
22.854   12.01862     
22.866   12.42698     
22.878   12.29888     
22.890   11.84785     
22.902   10.85112     
22.915   11.54082     
22.927   11.04443     
22.940   9.51522      
22.952   11.55086     
22.964   10.62962     
22.977   9.46232      
22.990   11.16118     
23.002   11.43391     
23.015   11.06074     
23.027   9.65774      
23.040   10.75677     
23.052   10.46267     
23.065   8.82675      
23.077   10.89615     
23.090   10.62486     
23.103   8.26665      
23.116   9.45540      
23.128   10.15215     
23.141   8.34686      
23.154   8.55354      
23.167   10.02366     
23.180   9.41553      
23.192   7.93077      
23.204   9.15901      
23.217   8.18588      
23.229   8.41701      
23.241   7.71399      
23.254   8.95641      
23.266   7.88536      
23.279   7.67919      
23.291   8.02880      
23.303   8.43346      
23.316   7.24417      
23.328   7.33379      
23.340   7.31553      
23.353   7.49373      
23.365   6.48398      
23.377   7.27199      
23.390   8.10446      
23.402   6.07786      
23.415   5.65422      
23.427   8.04806      
23.440   5.91985      
23.452   4.81760      
23.465   6.83101      
23.477   5.17486      
23.490   5.04010      
23.502   5.17078      
23.515   4.99817      
23.528   3.72277      
23.540   4.84226      
23.553   5.25626      
23.565   3.90691      
23.578   3.57633      
23.591   4.68493      
23.603   4.04870      
23.616   2.52552      
23.628   2.30557      
23.641   3.87228      
23.653   1.82922      
23.666   1.71917      
23.679   4.42710      
23.691   0.84023      
23.704   0.84600      
23.716   1.24622      
23.729   2.12180      
23.742   1.25315      
23.754   0.56785      
23.767   1.27871      
23.779   0.52869      
23.792   359.36426    
23.805   0.29534      
23.817   0.69338      
23.830   359.39752    
23.842   358.79582    
23.855   359.63223    
23.868   358.95515    
23.880   359.36039    
23.893   0.09811      
23.905   358.46363    
23.918   358.18138    
23.930   358.09868    
23.942   357.90140    
23.955   356.82454    
23.968   357.83929    
23.980   358.37849    
23.992   356.49685    
24.005   354.61924    
24.017   353.48918    
24.030   354.55533    
24.042   355.11527    
24.055   353.38789    
24.067   353.56789    
24.080   354.39817    
24.092   354.67846    
24.104   353.27829    
24.117   354.69926    
24.129   353.79420    
24.141   353.79420    
24.154   352.67819    
24.166   354.58985    
24.179   355.46133    
24.191   352.90293    
24.204   353.53478    
24.216   353.27855    
24.228   353.34617    
24.241   353.05358    
24.253   352.89829    
24.265   353.32746    
24.277   352.93885    
24.290   352.94864    
24.302   352.98212    
24.315   353.29543    
24.327   352.13226    
24.340   353.53688    
24.352   353.06323    
24.365   351.92844    
24.377   352.54920    
24.389   353.92031    
24.402   352.25259    
24.414   352.46371    
24.426   353.36873    
24.438   351.32294    
24.450   351.32294    
24.463   351.73763    
24.475   352.07973    
24.487   351.33501    
24.499   351.27411    
24.512   352.11058    
24.524   352.14107    
24.537   351.52329    
24.549   351.49831    
24.562   353.20507    
24.574   352.36175    
24.587   351.01496    
24.599   353.78706    
24.612   352.44773    
24.624   351.69549    
24.637   353.68953    
24.649   353.95232    
24.662   352.21500    
24.674   352.92868    
24.687   353.39610    
24.699   353.17108    
24.712   352.98766    
24.724   353.45927    
24.737   353.84738    
24.749   352.32640    
24.762   353.70087    
24.774   354.50055    
24.787   352.21997    
24.799   354.51478    
24.812   354.18301    
24.824   353.84123    
24.837   353.29124    
24.849   353.33830    
24.861   354.38686    
24.874   354.51539    
24.886   353.57452    
24.898   355.42386    
24.911   355.80151    
24.923   354.04464    
24.936   355.07165    
24.948   355.31087    
24.960   353.96090    
24.973   354.92883    
24.986   355.78402    
24.998   356.15352    
25.011   355.82725    
25.023   356.16577    
25.036   356.81604    
25.048   354.55880    
25.060   356.31157    
25.072   356.65371    
25.084   355.84604    
25.097   355.47063    
25.109   357.82070    
25.121   356.63026    
25.133   355.25795    
25.145   355.28240    
25.157   356.29021    
25.169   357.91846    
25.181   356.83471    
25.193   357.28139    
25.206   357.69968    
25.218   356.92037    
25.230   356.89155    
25.242   358.24775    
25.255   357.32864    
25.267   356.39992    
25.279   358.29701    
25.292   358.08199    
25.304   357.27821    
25.316   358.73577    
25.328   358.81608    
25.341   358.31197    
25.353   359.57353    
25.365   358.53642    
25.378   358.96487    
25.391   358.66384    
25.403   358.66120    
25.416   359.37519    
25.428   359.98115    
25.441   358.60998    
25.453   0.79675      
25.466   359.98167    
25.479   0.20610      
25.491   359.60603    
25.504   1.76502      
25.516   0.20476      
25.529   0.80444      
25.542   1.78417      
25.554   2.06980      
25.567   0.54476      
25.580   2.65382      
25.592   1.75416      
25.605   1.34119      
25.618   1.66444      
25.630   1.95378      
25.643   1.97427      
25.655   1.50044      
25.668   1.57876      
25.680   2.72539      
25.693   2.29910      
25.705   1.79700      
25.718   2.68612      
25.730   4.34253      
25.743   6.33790      
25.755   5.56974      
25.768   5.31502      
25.780   6.00186      
25.793   4.77021      
25.805   5.46611      
25.818   6.64779      
25.830   4.37222      
25.842   4.68171      
25.854   6.48574      
25.866   6.42847      
25.879   5.98269      
25.891   5.64930      
25.903   7.28211      
25.915   7.75621      
25.928   6.35997      
25.940   6.95146      
25.953   9.22108      
25.965   7.99861      
25.978   9.13529      
25.990   9.13018      
26.003   8.06708      
26.016   7.20491      
26.028   9.38373      
26.041   8.93173      
26.054   8.46476      
26.066   8.64485      
26.079   9.27804      
26.091   8.11054      
26.104   7.63558      
26.116   9.19416      
26.129   8.96341      
26.141   7.61167      
26.154   8.03500      
26.167   9.39084      
26.180   7.95308      
26.192   8.83151      
26.205   9.10839      
26.217   8.51869      
26.230   7.98830      
26.242   8.60658      
26.255   9.10055      
26.267   7.16566      
26.280   8.01738      
26.292   8.98622      
26.305   8.42918      
26.317   8.48266      
26.330   7.62247      
26.342   8.59862      
26.355   7.26011      
26.367   7.08922      
26.380   9.25118      
26.392   7.01196      
26.405   6.90702      
26.418   8.22550      
26.431   7.86348      
26.443   6.14815      
26.456   7.53769      
26.468   6.93067      
26.481   8.04641      
26.493   5.42045      
26.506   7.01859      
26.518   8.02724      
26.531   5.42399      
26.543   6.89969      
26.556   7.55155      
26.569   4.75382      
26.581   6.02667      
26.594   6.97091      
26.606   4.67528      
26.619   5.24912      
26.631   6.44287      
26.644   4.99817      
26.656   5.02985      
26.669   5.37049      
26.681   5.99330      
26.694   5.43941      
26.707   4.75704      
26.719   5.09231      
26.732   4.43682      
26.744   3.96331      
26.757   5.07558      
26.769   3.98773      
26.782   3.86703      
26.794   4.02199      
26.807   4.10822      
26.820   3.35133      
26.832   2.46011      
26.845   3.19942      
26.857   5.42074      
26.870   1.82116      
26.882   3.22096      
26.895   3.17769      
26.907   2.58843      
26.920   1.69846      
26.932   3.71605      
26.944   2.31512      
26.957   0.96935      
26.969   1.53921      
26.981   1.50044      
26.994   0.86456      
27.006   1.84314      
27.018   2.65715      
27.031   0.21149      
27.043   359.69610    
27.056   0.98576      
27.068   0.01933      
27.080   358.79616    
27.092   359.74665    
27.105   0.50987      
27.117   359.58539    
27.130   359.71352    
27.142   359.86631    
27.154   359.86541    
27.167   359.86293    
27.179   0.52797      
27.191   0.09511      
27.204   359.19492    
27.216   358.75464    
27.229   359.74422    
27.241   357.53091    
27.253   357.84144    
27.266   356.72177    
27.278   356.28983    
27.291   358.40678    
27.303   357.25530    
27.315   356.59574    
27.328   357.13212    
27.340   357.07224    
27.352   355.90647    
27.365   356.37599    
27.377   356.46975    
27.390   355.06545    
27.402   355.02782    
27.415   356.79759    
27.427   354.69811    
27.440   354.38748    
27.452   355.58586    
27.464   354.94069    
27.477   353.42132    
27.489   354.28571    
27.502   355.87035    
27.514   356.96499    
27.527   354.49475    
27.539   354.75768    
27.552   355.63656    
27.564   354.10100    
27.577   354.34503    
27.589   354.83383    
27.602   353.76659    
27.615   352.80322    
27.627   354.32454    
27.640   354.75101    
27.652   352.95121    
27.664   351.93321    
27.677   354.37918    
27.689   353.45461    
27.702   352.26263    
27.714   352.85248    
27.727   353.32553    
27.739   353.34184    
27.751   352.89781    
27.764   353.10114    
27.776   351.87250    
27.789   353.33961    
27.801   352.91124    
27.814   351.73298    
27.826   352.99123    
27.839   352.51272    
27.851   352.72615    
27.864   351.82466    
27.876   352.35746    
27.889   352.35746    
27.901   353.17733    
27.913   352.78001    
27.926   351.96535    
27.938   353.92031    
27.951   352.74583    
27.963   352.56783    
27.976   353.77316    
27.988   353.22589    
28.000   351.81232    
28.013   353.74321    
28.025   353.43588    
28.038   352.79576    
28.050   353.48376    
28.062   353.25895    
28.075   353.96028    
28.087   353.35947    
28.100   354.13798    
28.112   353.70206    
28.124   352.58191    
28.137   353.85087    
28.149   353.88320    
28.161   353.57548    
28.174   354.33585    
28.186   354.32205    
28.199   353.66181    
28.211   354.65992    
28.223   354.65992    
28.236   354.90770    
28.248   355.19456    
28.260   353.98439    
28.273   355.07732    
28.285   356.10369    
28.297   354.48448    
28.310   354.60832    
28.322   355.03425    
28.334   354.41753    
28.347   354.63139    
28.359   356.57138    
28.371   355.21798    
28.384   354.14073    
28.397   357.12153    
28.409   356.62379    
28.424   354.57084    
28.436   357.47014    
28.449   356.75646    
28.461   355.46817    
28.473   357.97317    
28.485   358.10527    
28.498   357.33152    
28.510   356.83658    
28.522   357.66840    
28.535   357.32715    
28.547   356.79785    
28.559   358.97431    
28.571   358.63874    
28.584   358.65795    
28.596   357.66306    
28.608   359.46298    
28.620   359.20428    
28.632   358.40274    
28.645   358.33728    
28.657   0.68470      
28.669   359.94448    
28.681   358.52016    
28.693   0.49869      
28.706   0.54298      
28.719   359.79497    
28.731   359.20479    
28.744   1.64685      
28.757   359.57104    
28.770   0.27128      
28.782   1.39299      
28.795   1.48275      
28.807   0.13237      
28.819   1.83360      
28.831   1.28838      
28.843   1.23709      
28.856   1.80471      
28.868   2.70590      
28.880   2.70590      
28.892   1.37378      
28.904   2.71099      
28.916   3.89181      
28.931   1.61971      
28.943   1.10821      
28.955   2.81403      
28.969   3.15325      
28.981   2.73085      
28.993   4.78710      
29.005   5.12000      
29.018   5.79647      
29.030   6.12947      
29.042   5.36315      
29.054   6.48851      
29.066   5.21793      
29.078   4.30679      
29.091   5.55839      
29.103   7.02813      
29.115   6.75513      
29.128   5.51007      
29.140   6.33806      
29.152   5.86462      
29.164   6.98146      
29.177   7.37726      
29.189   7.47583      
29.201   6.26301      
29.214   5.55131      
29.226   7.73737      
29.238   7.92264      
29.251   7.70523      
29.263   7.20762      
29.275   8.73527      
29.287   7.27709      
29.300   7.36461      
29.312   8.39390      
29.324   8.81093      
29.337   7.16497      
29.349   7.97918      
29.361   8.87691      
29.374   9.00233      
29.386   8.59401      
29.398   8.98174      
29.410   9.28355      
29.423   8.22270      
29.435   8.22649      
29.447   9.26439      
29.459   9.33368      
29.471   8.89911      
29.483   8.05587      
29.496   9.15409      
29.508   8.14929      
29.520   6.65573      
29.532   10.05254     
29.544   8.78422      
29.556   7.93543      
29.568   9.05300      
29.580   8.20760      
29.593   6.95059      
29.605   9.31360      
29.617   8.82956      
29.629   9.06104      
29.641   7.78483      
29.653   8.25627      
29.665   8.18850      
29.677   8.50732      
29.689   7.44421      
29.702   9.51661      
29.714   7.58030      
29.726   6.66341      
29.738   8.10995      
29.750   7.29913      
29.762   7.11521      
29.774   5.93659      
29.787   7.92023      
29.800   6.87895      
29.812   5.44129      
29.825   6.44970      
29.837   7.40495      
29.849   5.21430      
29.861   6.99531      
29.874   6.64806      
29.886   4.25367      
29.898   5.67021      
29.910   5.67423      
29.922   5.76570      
29.935   5.34737      
29.947   3.69699      
29.959   6.23888      
29.972   5.94605      
29.984   3.75205      
29.996   4.87343      
30.009   5.01279      
30.021   3.04136      
30.033   3.80509      
30.046   4.25334      
30.058   3.27552      
30.070   3.54560      
30.083   3.83843      
30.095   2.29440      
30.107   2.58843      
30.119   3.14908      
30.132   2.24537      
30.144   1.38340      
30.156   2.42034      
30.169   1.18459      
30.181   1.18459      
30.193   1.93856      
30.205   1.71954      
30.218   2.06747      
30.230   0.32619      
30.242   0.37668      
30.254   1.99428      
30.266   0.09698      
30.278   359.66620    
30.290   0.36094      
30.302   1.48411      
30.315   358.89307    
30.327   359.32437    
30.339   0.47841      
30.351   359.38671    
30.363   358.65501    
30.375   358.49156    
30.387   357.61092    
30.400   359.34124    
30.412   359.33380    
30.424   359.25984    
30.436   358.80730    
30.449   358.08699    
30.461   358.58246    
30.473   359.70965    
30.485   357.76063    
30.497   357.92332    
30.509   355.25847    
30.521   355.99657    
30.534   357.33913    
30.546   355.91438    
30.558   355.51063    
30.570   357.30462    
30.582   356.71399    
30.594   356.50749    
30.606   357.40911    
30.619   357.40911    
30.631   357.14133    
30.643   355.70529    
30.655   356.74029    
30.668   356.84269    
30.680   355.08443    
30.692   355.30659    
30.704   356.21172    
30.716   355.29237    
30.729   354.60123    
30.741   355.32982    
30.753   354.95546    
30.765   354.62182    
30.778   355.18779    
30.790   354.73140    
30.803   352.98596    
30.815   353.94193    
30.828   354.85326    
30.840   353.03500    
30.852   353.02373    
30.864   353.64576    
30.877   354.36906    
30.889   354.52528    
30.901   352.39932    
30.914   353.84378    
30.926   353.60560    
30.938   352.88842    
30.951   352.85282    
30.963   353.40389    
30.976   353.12506    
30.988   352.54754    
31.001   353.26158    
31.013   352.32842    
31.026   351.77479    
31.039   353.45457    
31.052   352.51188    
31.064   351.85223    
31.076   353.22452    
31.088   353.89502    
31.100   352.67562    
31.112   353.00224    
31.125   354.32144    
31.137   352.16692    
31.149   352.28329    
31.161   354.22059    
31.173   353.69678    
31.185   353.69678    
31.197   353.62998    
31.211   353.53360    
31.223   353.90538    
31.235   352.75283    
31.247   352.61854    
31.259   353.71403    
31.271   353.63784    
31.284   352.62685    
31.296   354.07103    
31.308   354.08326    
31.320   351.96124    
31.332   353.11210    
31.344   354.19991    
31.357   352.99118    
31.369   353.53619    
31.381   354.23886    
31.393   353.61844    
31.405   352.76105    
31.418   355.73018    
31.431   355.80050    
31.443   354.14444    
31.455   352.10671    
31.467   355.02635    
31.479   354.39529    
31.491   352.39226    
31.503   354.61436    
31.516   354.52632    
31.528   353.83522    
31.540   354.31921    
31.553   355.17290    
31.565   354.95648    
31.577   354.61582    
31.589   355.95123    
31.602   355.51078    
31.614   354.83017    
31.626   356.71261    
31.638   356.46173    
31.650   355.48316    
31.662   355.66385    
31.674   355.63904    
31.686   356.84675    
31.698   355.96544    
31.711   355.49542    
31.723   357.50650    
31.735   356.50801    
31.747   354.90556    
31.759   357.90344    
31.771   357.15546    
31.783   355.55022    
31.795   357.74384    
31.808   357.58534    
31.820   356.97834    
31.833   357.48018    
31.845   357.87263    
31.858   357.87822    
31.870   356.65393    
31.883   358.86433    
31.896   359.28976    
31.908   356.94590    
31.921   358.86718    
31.933   0.30553      
31.945   359.11943    
31.958   359.10880    
31.970   358.85641    
31.982   359.49937    
31.994   0.16381      
32.006   358.63521    
32.018   0.80403      
32.030   0.47055      
32.042   359.79457    
32.055   1.38771      
32.067   0.76118      
32.079   359.45019    
32.092   0.98714      
32.104   1.92786      
32.116   1.10966      
32.128   0.35139      
32.140   1.55908      
32.153   2.26551      
32.165   1.95295      
32.177   1.95295      
32.190   0.98328      
32.203   2.38903      
32.215   1.58906      
32.228   3.15528      
32.241   4.15249      
32.253   5.54858      
32.266   5.02218      
32.279   5.16378      
32.292   6.54076      
32.305   6.67242      
32.318   5.02892      
32.330   4.68238      
32.343   5.84080      
32.355   5.40639      
32.368   6.38623      
32.380   6.77860      
32.393   6.16545      
32.405   4.63494      
32.418   5.94368      
32.430   7.43226      
32.443   6.20933      
32.456   5.53070      
32.469   7.53945      
32.482   8.04579      
32.495   8.05404      
32.508   7.86734      
32.520   7.48431      
32.533   7.69245      
32.546   8.36119      
32.559   9.51433      
32.572   7.93942      
32.585   7.92226      
32.598   9.31155      
32.611   7.22848      
32.623   8.04926      
32.636   8.07111      
32.649   8.87204      
32.662   8.42342      
32.675   8.31361      
32.688   8.99125      
32.701   8.67284      
32.713   7.70196      
32.726   9.46232      
32.739   7.15808      
32.751   7.90268      
32.764   9.90203      
32.777   7.62883      
32.789   7.81264      
32.802   8.53665      
32.815   9.05705      
32.827   8.47319      
32.840   5.84771      
32.852   8.08928      
32.865   7.97040      
32.877   6.06692      
32.890   7.44754      
32.903   7.26788      
32.915   6.58489      
32.928   7.62218      
32.940   6.96741      
32.953   6.45631      
32.965   6.83409      
32.978   7.97270      
32.991   6.69005      
33.004   6.62831      
33.016   6.57596      
33.029   6.62855      
33.042   5.42298      
33.054   6.86613      
33.067   5.62170      
33.080   4.54672      
33.093   4.50896      
33.105   5.82988      
33.118   4.75088      
33.131   5.53326      
33.144   5.73361      
33.157   5.34852      
33.170   4.15311      
33.182   4.91636      
33.195   5.18205      
33.209   3.31323      
33.222   3.38368      
33.235   5.59504      
33.248   2.42569      
33.261   3.67684      
33.274   4.97896      
33.287   1.92566      
33.300   2.73092      
33.313   3.51753      
33.326   2.83701      
33.338   1.64576      
33.351   3.43131      
33.364   2.17212      
33.377   1.25678      
33.390   1.00742      
33.403   2.59179      
33.416   0.17109      
33.429   1.12214      
33.442   1.24942      
33.454   0.76019      
33.467   0.99553      
33.480   0.51223      
33.492   359.26644    
33.505   0.01880      
33.518   0.42924      
33.530   359.18479    
33.543   358.59597    
33.556   358.80414    
33.569   359.98102    
33.581   358.19226    
33.594   358.22410    
33.607   357.90198    
33.619   358.58952    
33.632   359.98130    
33.644   358.82515    
33.657   358.43297    
33.670   359.90419    
33.682   357.89534    
33.695   357.92842    
33.708   358.21354    
33.720   357.88237    
33.733   356.72899    
33.745   357.80173    
33.758   356.68520    
33.770   356.01541    
33.783   355.76028    
33.796   354.03250    
33.809   355.57816    
33.821   356.23787    
33.834   355.42107    
33.847   356.33764    
33.860   356.39910    
33.872   354.70452    
33.885   354.03151    
33.897   355.73662    
33.910   355.03734    
33.923   353.64204    
33.935   355.19254    
33.947   354.89720    
33.960   353.71372    
33.972   353.85038    
33.985   354.34682    
33.997   352.80358    
34.010   353.90530    
34.022   354.17110    
34.035   354.45693    
34.047   353.20082    
34.059   354.21392    
34.072   353.34379    
34.084   351.94260    
34.097   353.05827    
34.109   354.43609    
34.122   354.43609    
34.134   351.92667    
34.146   352.39051    
34.159   354.36660    
34.171   351.97819    
34.183   351.95865    
34.196   353.20433    
34.209   352.88390    
34.221   351.18450    
34.233   351.73025    
34.246   354.17403    
34.259   352.12644    
34.271   351.64021    
34.283   352.96404    
34.296   351.92177    
34.308   350.82918    
34.321   352.17352    
34.333   353.25575    
34.345   350.60238    
34.359   352.59481    
34.372   352.46108    
34.384   351.35592    
34.397   351.98709    
34.409   352.91868    
34.421   351.87738    
34.434   352.05285    
34.446   353.31369    
34.459   353.05610    
34.471   351.55160    
34.484   352.53689    
34.496   353.22348    
34.509   351.21372    
34.521   352.54892    
34.534   352.91804    
34.547   353.37794    
34.559   352.23002    
34.572   353.13498    
34.584   353.26413    
34.597   352.68180    
34.610   352.30924    
34.623   353.20041    
34.636   353.33311    
34.649   352.11442    
34.661   352.78773    
34.674   354.66524    
34.687   352.15946    
34.700   352.80809    
34.713   354.34756    
34.726   353.84826    
34.739   352.51930    
34.752   355.47744    
34.765   353.81203    
34.778   353.95487    
34.790   355.62707    
34.803   355.05787    
34.816   354.63758    
34.828   355.21539    
34.841   354.89590    
34.853   355.34324    
34.866   354.80059    
34.879   355.89139    
34.891   355.66713    
34.904   354.92396    
34.917   356.11262    
34.929   357.37276    
34.942   355.75761    
34.954   355.75508    
34.967   356.62813    
34.979   356.00866    
34.992   355.82001    
35.005   357.47280    
35.017   357.56374    
35.030   356.72159    
35.042   356.82410    
35.055   358.52112    
35.067   355.81195    
35.080   357.24024    
35.093   358.34104    
35.105   357.12846    
35.118   356.26156    
35.131   359.20428    
35.143   358.52419    
35.156   357.15368    
35.169   358.27273    
35.181   359.94444    
35.194   357.20070    
35.207   359.17368    
35.220   359.83387    
35.233   358.70633    
35.245   358.39037    
35.258   0.01807      
35.271   359.76004    
35.284   359.31352    
35.296   359.18154    
35.309   0.34603      
35.322   359.57215    
35.335   1.28670      
35.348   1.13756      
35.360   359.24421    
35.373   1.98864      
35.386   2.90735      
35.399   1.68803      
35.411   0.01888      
35.424   1.83388      
35.437   2.88657      
35.449   1.65302      
35.462   2.84201      
35.475   3.51010      
35.487   3.98422      
35.500   4.40608      
35.512   4.31072      
35.526   3.42532      
35.539   4.62245      
35.551   5.13576      
35.564   4.45242      
35.577   5.70286      
35.590   5.10284      
35.603   5.59749      
35.616   6.70200      
35.629   6.19406      
35.642   6.12231      
35.655   6.01399      
35.668   7.88580      
35.681   5.94927      
35.694   6.72017      
35.707   7.79268      
35.720   7.12502      
35.733   8.13291      
35.746   8.44074      
35.759   7.16924      
35.772   6.04659      
35.786   8.55022      
35.799   8.85872      
35.813   7.14938      
35.825   8.40603      
35.838   9.64959      
35.850   8.15006      
35.863   7.87684      
35.875   8.67022      
35.888   8.68900      
35.900   7.16804      
35.913   9.06863      
35.925   8.31687      
35.938   8.27899      
35.950   8.36251      
35.962   8.21217      
35.975   9.01840      
35.987   8.11100      
36.000   8.94502      
36.012   9.39202      
36.024   8.88184      
36.037   9.60550      
36.049   8.46903      
36.061   10.24339     
36.074   8.48029      
36.086   9.82232      
36.098   11.03018     
36.111   9.20095      
36.123   7.72150      
36.135   9.66030      
36.148   9.37935      
36.160   8.75354      
36.173   8.46212      
36.185   9.18941      
36.198   7.45518      
36.210   8.27269      
36.222   8.97975      
36.235   7.45085      
36.247   7.79469      
36.260   8.78564      
36.272   9.15916      
36.284   7.86328      
36.297   6.42901      
36.309   9.02780      
36.321   8.34364      
36.334   8.23158      
36.346   8.24216      
36.359   8.14393      
36.371   7.54965      
36.383   7.02425      
36.396   8.10521      
36.408   6.06090      
36.420   7.30027      
36.433   8.36703      
36.445   6.66497      
36.457   7.07199      
36.470   6.62568      
36.482   7.31014      
36.494   5.32574      
36.507   5.46402      
36.519   6.94413      
36.532   5.81739      
36.544   4.88865      
36.557   7.40810      
36.570   5.08167      
36.582   4.58703      
36.595   5.07201      
36.608   4.94095      
36.620   5.22177      
36.633   4.86969      
36.645   3.09353      
36.658   5.24164      
36.670   3.96560      
36.683   3.43287      
36.695   3.71899      
36.709   4.28915      
36.721   2.70845      
36.734   3.65020      
36.747   2.59732      
36.760   1.86810      
36.772   1.97948      
36.785   3.23372      
36.798   2.41443      
36.810   2.69770      
36.823   4.04278      
36.836   1.73397      
36.848   2.06843      
36.861   3.51103      
36.874   1.45284      
36.886   0.13495      
36.899   1.79700      
36.912   2.03455      
36.925   0.39346      
36.937   0.94711      
36.950   1.37036      
36.962   0.78039      
36.974   0.63107      
36.987   1.24134      
36.999   0.36457      
37.012   358.56137    
37.025   0.53876      
37.037   0.38613      
37.050   359.08350    
37.063   358.96759    
37.076   359.79669    
37.088   359.90705    
37.101   359.78708    
37.113   359.11015    
37.126   358.48777    
37.139   357.87959    
37.152   359.10720    
37.165   357.79598    
37.178   356.21935    
37.191   357.01385    
37.203   358.21829    
37.216   356.21689    
37.229   355.61650    
37.241   354.99980    
37.254   355.61662    
37.267   357.84880    
37.279   355.67944    
37.292   355.46423    
37.305   355.96080    
37.318   355.85209    
37.330   354.06964    
37.344   355.47765    
37.357   356.92313    
37.369   355.33867    
37.381   355.58636    
37.394   355.74959    
37.406   355.98801    
37.419   355.32550    
37.431   355.43250    
37.445   355.47765    
37.457   353.98073    
37.470   353.98073    
37.482   354.91349    
37.495   355.49652    
37.507   353.50314    
37.520   354.61639    
37.532   354.92797    
37.545   354.53761    
37.558   353.27679    
37.571   355.32618    
37.583   354.13328    
37.596   353.17945    
37.608   354.64195    
37.620   354.93844    
37.633   353.37954    
37.645   354.14081    
37.658   355.56692    
37.670   354.52437    
37.683   353.51531    
37.695   356.11330    
37.708   355.17524    
37.720   353.74915    
37.732   355.55341    
37.745   354.84616    
37.757   353.97521    
37.770   354.22906    
37.782   355.44258    
37.795   355.66659    
37.807   354.68252    
37.820   356.78073    
37.832   355.74691    
37.845   354.11529    
37.857   355.23636    
37.870   356.43037    
37.882   355.57245    
37.895   355.57522    
37.907   355.46644    
37.920   356.23158    
37.933   356.19692    
37.946   355.69870    
37.959   356.77015    
37.971   356.09223    
37.984   354.51996    
37.996   356.58966    
38.009   356.64679    
38.021   355.91182    
38.034   356.80616    
38.046   357.83453    
38.059   357.53539    
38.071   357.29304    
38.084   358.36803    
38.096   357.14690    
38.108   356.32098    
38.121   357.09750    
38.134   358.01953    
38.146   357.31622    
38.159   357.69151    
38.171   358.42095    
38.184   358.53737    
38.196   358.26263    
38.209   357.79880    
38.221   359.64656    
38.234   358.00807    
38.248   359.50545    
38.260   359.28430    
38.273   359.00966    
38.286   0.20162      
38.298   0.12880      
38.310   358.32613    
38.323   0.16764      
38.336   1.08544      
38.349   359.67726    
38.361   359.19028    
38.374   1.47406      
38.387   1.33861      
38.400   359.64610    
38.413   0.99840      
38.426   2.06497      
38.438   1.27180      
38.454   1.64662      
38.466   1.20196      
38.479   1.16274      
38.491   1.03106      
38.503   2.48550      
38.515   2.22157      
38.528   1.42545      
38.541   2.84525      
38.553   3.87429      
38.565   5.09116      
38.577   5.09116      
38.589   4.45083      
38.602   4.09383      
38.614   4.64021      
38.626   3.98689      
38.638   3.82814      
38.650   4.82472      
38.663   5.05908      
38.675   4.42660      
38.687   3.82046      
38.699   5.38754      
38.711   5.33190      
38.724   4.26085      
38.736   5.64324      
38.748   5.93177      
38.760   4.63598      
38.772   5.66387      
38.784   6.79170      
38.797   5.22406      
38.810   5.02679      
38.823   6.44287      
38.836   7.21019      
38.849   4.92450      
38.862   6.35925      
38.874   6.77098      
38.887   5.33089      
38.900   6.40672      
38.912   6.46359      
38.925   6.97835      
38.938   7.02336      
38.953   6.85399      
38.965   6.52570      
38.977   6.31202      
38.989   6.31202      
39.001   5.89216      
39.013   5.12433      
39.025   6.01206      
39.038   5.93789      
39.050   7.25424      
39.062   6.63473      
39.074   5.46134      
39.086   7.38676      
39.098   6.21803      
39.111   6.48221      
39.123   6.65185      
39.135   6.19376      
39.147   4.44992      
39.159   5.56500      
39.171   7.84613      
39.184   5.06726      
39.196   6.27769      
39.208   6.62666      
39.221   6.50730      
39.233   5.78750      
39.245   5.65149      
39.258   5.93971      
39.270   7.12024      
39.282   5.19971      
39.295   5.60927      
39.307   6.34233      
39.319   3.88589      
39.332   4.80235      
39.344   4.89406      
39.357   5.22320      
39.369   4.42051      
39.381   4.13303      
39.394   5.81635      
39.406   3.24217      
39.418   4.10779      
39.431   6.78628      
39.443   3.44627      
39.455   2.87554      
39.468   5.43758      
39.480   3.55477      
39.492   2.79499      
39.505   4.83337      
39.517   4.83337      
39.529   3.15439      
39.541   3.26252      
39.554   3.32696      
39.566   1.96912      
39.579   2.33455      
39.591   2.00187      
39.603   1.39673      
39.615   1.64251      
39.628   1.60402      
39.640   1.23627      
39.652   359.94364    
39.665   0.01854      
39.677   1.57388      
39.689   0.95547      
39.702   0.66312      
39.714   1.03039      
39.727   1.74422      
39.739   0.01875      
39.751   359.83876    
39.764   0.20773      
39.776   0.38738      
39.788   358.97830    
39.801   0.24152      
39.813   0.24136      
39.827   359.09385    
39.839   359.10196    
39.851   358.96894    
39.864   359.13696    
39.876   359.39049    
39.888   357.82788    
39.901   358.35657    
39.913   358.35763    
39.925   358.00904    
39.938   358.63874    
39.950   358.48295    
39.962   357.44745    
39.975   357.78191    
39.987   358.62384    
39.999   356.51910    
40.011   356.41904    
40.024   357.69687    
40.036   357.42980    
40.049   357.35605    
40.061   356.45345    
40.073   353.48070    
40.086   356.38006    
40.098   355.17386    
40.110   353.91737    
40.123   354.09447    
40.135   354.15612    
40.147   355.23344    
40.160   354.36856    
40.172   355.20997    
40.184   355.14259    
40.197   354.31720    
40.209   353.23353    
40.221   354.55539    
40.234   354.35076    
40.246   352.78729    
40.258   353.67747    
40.271   353.13985    
40.283   352.87069    
40.296   352.90180    
40.308   354.64199    
40.320   352.44296    
40.333   353.33177    
40.345   352.53326    
40.357   352.58752    
40.370   351.77431    
40.382   352.47651    
40.394   351.83746    
40.407   351.95182    
40.419   353.19948    
40.431   353.19948    
40.444   353.01718    
40.456   351.89202    
40.469   352.87063    
40.481   353.18861    
40.493   352.37941    
40.505   351.69701    
40.518   352.45245    
40.530   352.11821    
40.542   351.96780    
40.555   353.02140    
40.567   354.05095    
40.580   352.31657    
40.592   351.56086    
40.604   352.47188    
40.617   352.38860    
40.629   352.22349    
40.642   353.87695    
40.654   353.62710    
40.667   352.42955    
40.679   353.68936    
40.691   353.13366    
40.704   352.98166    
40.716   352.71507    
40.729   353.48573    
40.741   353.99008    
40.754   352.67162    
40.766   352.64930    
40.778   353.50830    
40.791   353.91027    
40.803   352.78729    
40.816   353.26659    
40.829   354.55216    
40.841   353.54086    
40.853   352.76897    
40.866   354.78507    
40.878   354.05681    
40.890   352.01538    
40.902   355.22753    
40.915   354.63871    
40.927   352.70284    
40.940   355.41400    
40.952   354.23335    
40.965   353.54672    
40.977   355.38697    
40.989   355.21601    
41.002   354.31703    
41.014   354.27872    
41.026   355.03414    
41.038   353.71958    
41.050   354.86015    
41.062   354.86015    
41.074   355.62749    
41.087   355.64697    
41.099   355.35247    
41.111   356.41486    
41.124   356.20370    
41.136   355.04674    
41.148   355.77231    
41.160   356.09702    
41.173   356.31372    
41.185   355.95570    
41.197   357.23502    
41.210   356.31720    
41.222   356.45988    
41.234   357.55005    
41.247   356.93220    
41.259   357.44289    
41.271   357.61853    
41.284   358.75228    
41.296   357.26092    
41.308   357.83047    
41.321   358.84141    
41.333   357.83515    
41.345   357.83515    
41.358   357.75179    
41.370   358.44847    
41.382   0.27266      
41.395   358.66820    
41.407   358.57049    
41.419   359.25852    
41.432   359.32789    
41.444   358.49543    
41.458   1.23525      
41.471   0.64867      
41.483   359.68941    
41.495   1.12505      
41.507   2.06533      
41.520   1.08394      
41.532   0.45559      
41.545   2.25103      
41.557   1.68905      
41.569   0.49709      
41.581   1.87211      
41.594   1.26045      
41.606   1.53467      
41.618   2.31170      
41.631   2.76197      
41.643   1.08823      
41.655   1.72547      
41.668   3.92625      
41.680   4.07774      
41.692   2.19827      
41.705   1.38681      
41.717   3.24488      
41.729   4.57320      
41.742   2.22664      
41.754   3.41468      
41.766   3.46435      
41.778   4.18814      
41.791   3.53975      
41.803   3.39795      
41.816   5.69076      
41.828   6.49862      
41.840   5.66201      
41.853   6.11550      
41.865   7.57015      
41.877   6.47872      
41.889   5.48497      
41.902   6.92484      
41.914   7.50204      
41.926   7.17944      
41.939   7.71230      
41.951   8.09969      
41.963   8.04498      
41.976   6.85731      
41.988   6.79903      
42.000   9.78568      
42.012   7.79993      
42.025   6.30750      
42.037   7.61419      
42.049   9.84191      
42.061   7.57549      
42.073   7.69553      
42.086   9.55109      
42.098   7.89960      
42.110   8.15433      
42.122   9.27380      
42.134   8.25445      
42.146   7.71702      
42.159   8.02015      
42.171   9.07556      
42.183   8.33845      
42.195   8.31572      
42.207   7.40384      
42.220   10.00688     
42.232   8.92063      
42.244   7.84041      
42.256   9.60491      
42.268   8.20943      
42.280   8.01627      
42.292   8.16059      
42.305   9.14806      
42.317   7.14397      
42.329   9.15655      
42.341   8.94961      
42.353   8.39581      
42.366   7.00230      
42.378   8.56668      
42.390   8.43054      
42.402   6.76585      
42.414   6.76585      
42.427   9.25447      
42.439   7.62107      
42.451   7.64514      
42.464   7.37726      
42.477   8.32612      
42.489   7.72728      
42.502   7.49789      
42.515   7.34320      
42.528   7.05058      
42.540   6.07122      
42.553   7.44879      
42.565   8.16530      
42.578   5.41605      
42.591   7.37399      
42.603   7.85135      
42.616   6.01198      
42.629   6.89925      
42.641   6.95808      
42.654   6.93644      
42.666   5.52817      
42.679   6.30340      
42.692   7.08740      
42.705   6.35948      
42.717   5.23081      
42.729   6.69982      
42.741   4.88154      
42.754   4.71339      
42.766   5.75208      
42.778   4.95250      
42.790   3.54733      
42.802   4.53088      
42.814   3.84711      
42.827   3.84711
