3.728   173.83579    
3.740   172.80557    
3.752   173.72827    
3.764   173.79568    
3.776   173.08104    
3.788   173.08104    
3.801   172.00468    
3.813   173.25378    
3.825   173.35958    
3.837   171.29495    
3.849   172.56256    
3.862   173.23689    
3.874   172.16942    
3.886   172.95536    
3.899   167.74231    
3.911   172.16324    
3.923   170.53768    
3.935   170.50716    
3.947   171.26715    
3.959   170.17182    
3.971   169.57822    
3.984   169.27052    
3.996   170.32537    
4.008   168.83463    
4.020   168.23333    
4.032   167.86088    
4.044   168.71730    
4.056   166.93486    
4.068   166.89658    
4.081   166.31044    
4.093   167.04761    
4.105   166.33218    
4.117   165.12550    
4.129   166.44321    
4.141   165.47458    
4.154   165.00425    
4.166   164.57848    
4.178   164.61720    
4.190   162.78058    
4.202   162.99487    
4.214   163.85663    
4.226   163.85663    
4.239   162.50424    
4.252   162.69055    
4.265   163.08443    
4.278   163.30816    
4.290   161.51124    
4.303   161.52314    
4.316   161.47406    
4.329   160.56101    
4.342   159.89021    
4.354   160.87249    
4.367   159.82898    
4.379   159.09141    
4.391   160.20881    
4.403   159.09466    
4.415   159.14636    
4.427   156.74824    
4.440   157.43695    
4.452   157.73824    
4.464   156.91106    
4.476   158.98270    
4.489   156.76829    
4.501   156.78421    
4.514   156.78412    
4.526   155.62717    
4.538   155.07806    
4.550   154.87658    
4.562   156.26850    
4.574   155.30939    
4.586   153.94461    
4.599   154.11924    
4.611   153.69841    
4.623   152.01322    
4.635   152.24058    
4.648   152.51158    
4.660   152.17317    
4.673   150.14778    
4.685   151.65775    
4.697   150.69747    
4.710   149.25982    
4.722   149.24783    
4.734   149.94411    
4.747   150.08139    
4.759   147.94279    
4.771   148.43865    
4.783   149.17846    
4.796   146.95281    
4.808   146.26262    
4.820   146.96064    
4.833   145.55428    
4.845   145.24883    
4.857   145.24883    
4.870   146.75811    
4.882   145.54442    
4.896   145.43111    
4.908   143.64237    
4.920   145.18838    
4.933   143.11527    
4.945   143.28455    
4.958   143.24345    
4.970   143.08591    
4.982   140.86985    
4.995   142.48933    
5.007   140.32340    
5.020   140.65738    
5.032   140.49208    
5.044   139.15745    
5.057   140.82477    
5.069   138.63940    
5.081   138.94563    
5.094   137.67986    
5.106   137.17976    
5.118   138.47807    
5.131   136.99925    
5.143   136.89479    
5.156   136.66458    
5.168   136.46619    
5.180   135.14090    
5.193   133.93838    
5.205   135.38048    
5.217   134.82778    
5.230   133.82347    
5.242   131.84599    
5.255   132.90361    
5.267   134.60274    
5.279   130.71184    
5.292   131.65526    
5.304   131.16973    
5.317   131.01275    
5.329   129.03790    
5.341   130.57672    
5.354   128.58810    
5.366   129.57902    
5.379   127.62078    
5.392   128.84084    
5.406   127.13912    
5.419   124.80535    
5.432   127.40803    
5.445   125.17384    
5.457   124.99357    
5.469   125.50871    
5.482   124.49556    
5.494   124.15687    
5.507   123.25916    
5.520   122.26000    
5.532   122.19988    
5.544   120.53518    
5.556   120.37970    
5.568   120.23836    
5.580   120.13925    
5.593   119.36306    
5.605   119.65841    
5.617   119.03800    
5.629   118.87165    
5.641   118.53311    
5.653   117.29517    
5.666   115.83274    
5.678   116.18701    
5.690   114.81288    
5.702   113.53322    
5.714   114.96615    
5.726   115.01334    
5.738   112.84337    
5.751   113.96249    
5.763   113.06741    
5.775   112.27009    
5.787   110.96280    
5.799   110.58137    
5.811   111.62353    
5.823   101.40352    
5.835   109.82660    
5.847   110.62333    
5.860   109.03604    
5.872   108.20073    
5.884   107.69202    
5.896   107.30021    
5.908   104.58487    
5.920   105.10821    
5.932   103.53987    
5.944   105.43183    
5.957   105.66028    
5.969   102.22681    
5.981   103.76482    
5.993   102.81600    
6.005   100.78050    
6.018   100.92949    
6.030   101.44469    
6.042   90.70349     
6.054   98.98856     
6.066   98.41954     
6.078   98.86219     
6.090   98.48286     
6.102   95.69634     
6.115   95.77039     
6.127   96.41273     
6.139   94.11968     
6.151   93.61650     
6.163   94.42291     
6.176   92.73531     
6.188   92.64545     
6.200   91.70071     
6.212   89.39349     
6.224   89.25566     
6.236   88.86081     
6.248   88.37782     
6.260   88.37782     
6.273   89.21188     
6.285   84.45341     
6.297   84.20816     
6.309   85.84279     
6.321   84.63647     
6.333   84.40111     
6.345   81.35737     
6.357   82.36511     
6.370   79.89496     
6.382   80.51894     
6.394   79.14419     
6.406   76.64169     
6.418   78.21767     
6.430   79.33441     
6.443   76.16210     
6.455   74.19133     
6.467   73.59143     
6.479   73.59143     
6.491   74.11164     
6.503   72.30930     
6.515   71.54365     
6.527   73.61439     
6.539   68.19042     
6.552   69.58420     
6.564   67.84976     
6.576   68.37680     
6.588   66.73721     
6.600   67.26234     
6.612   66.31247     
6.625   65.42087     
6.637   65.14492     
6.649   62.54695     
6.661   61.68237     
6.673   62.13486     
6.685   61.91938     
6.697   61.71639     
6.710   59.50686     
6.722   57.36359     
6.734   58.41370     
6.746   57.25236     
6.758   54.69569     
6.770   53.97945     
6.782   52.79439     
6.795   53.01505     
6.807   50.27006     
6.819   49.71458     
6.831   47.66111     
6.843   49.19246     
6.855   47.21090     
6.867   47.53935     
6.879   46.01641     
6.892   45.87430     
6.904   45.87430     
6.916   43.62213     
6.930   43.26140     
6.942   41.99412     
6.954   40.55423     
6.966   39.81718     
6.978   38.71880     
6.991   39.34316     
7.003   38.56382     
7.015   36.42565     
7.027   35.31911     
7.039   35.60984     
7.051   34.22855     
7.063   30.72870     
7.076   31.76042     
7.088   30.68753     
7.100   30.00948     
7.112   28.24409     
7.124   28.09966     
7.136   26.89879     
7.148   26.89879     
7.160   25.48134     
7.173   24.63348     
7.185   25.56083     
7.197   22.77264     
7.209   24.38106     
7.221   23.52636     
7.234   20.89288     
7.246   19.98120     
7.258   18.38704     
7.270   18.07786     
7.282   17.73862     
7.294   17.68046     
7.306   15.55075     
7.318   15.73531     
7.331   15.87938     
7.343   14.56430     
7.355   17.18183     
7.367   14.57854     
7.380   12.00011     
7.392   11.93330     
7.404   12.48363     
7.417   9.91972      
7.429   10.09781     
7.441   9.69765      
7.453   6.43142      
7.466   5.40669      
7.478   6.10658      
7.490   4.43723      
7.503   3.95495      
7.515   5.58497      
7.527   4.76022      
7.539   1.99446      
7.552   2.56530      
7.564   2.59127      
7.576   359.85035    
7.588   359.41448    
7.601   0.43094      
7.613   358.63219    
7.625   357.28630    
7.638   357.24114    
7.650   358.37607    
7.662   354.57531    
7.674   352.97640    
7.686   350.78846    
7.699   352.49050    
7.711   352.36608    
7.723   351.13059    
7.735   351.32901    
7.747   350.80953    
7.759   348.28079    
7.771   347.61788    
7.783   350.65463    
7.796   347.82095    
7.808   346.20343    
7.820   347.44879    
7.832   347.01243    
7.845   345.15867    
7.857   345.86132    
7.870   346.64199    
7.883   345.82024    
7.895   344.61938    
7.908   344.83841    
7.921   345.27974    
7.933   344.26280    
7.946   342.59187    
7.959   342.65632    
7.971   343.33802    
7.984   341.80288    
7.997   341.02959    
8.009   341.92106    
8.022   341.98737    
8.035   341.14644    
8.047   340.31762    
8.060   342.09685    
8.072   340.67312    
8.084   339.65990    
8.096   341.19614    
8.109   341.00529    
8.121   339.90030    
8.133   339.62697    
8.146   339.00482    
8.158   338.45902    
8.170   337.82559    
8.183   339.26843    
8.195   338.66263    
8.207   337.84287    
8.220   338.73284    
8.232   338.43292    
8.244   337.57791    
8.256   337.21826    
8.269   337.21826    
8.281   338.90296    
8.293   336.93319    
8.306   337.54457    
8.318   339.87364    
8.330   337.60757    
8.342   337.23216    
8.355   338.37579    
8.367   338.08305    
8.379   338.32411    
8.391   338.89886    
8.404   339.46559    
8.416   337.78492    
8.428   337.56716    
8.441   339.20362    
8.453   339.31223    
8.466   338.89658    
8.478   339.27574    
8.491   339.46973    
8.503   339.08124    
8.516   337.49414    
8.528   339.79705    
8.541   339.46014    
8.554   339.20901    
8.566   339.85598    
8.579   340.26731    
8.592   340.11729    
8.604   340.07316    
8.617   340.60195    
8.630   339.97345    
8.642   339.97217    
8.655   339.97217    
8.667   341.36855    
8.679   340.80588    
8.691   341.54836    
8.703   341.79872    
8.715   341.40745    
8.727   340.04346    
8.740   343.10114    
8.752   341.57063    
8.764   340.60340    
8.776   342.54946    
8.788   343.02720    
8.800   341.94851    
8.812   341.71655    
8.824   342.99895    
8.837   342.82944    
8.849   343.02678    
8.861   343.02678    
8.873   343.28018    
8.885   344.51254    
8.898   343.01107    
8.910   344.60860    
8.922   345.59316    
8.934   343.92905    
8.947   344.33184    
8.959   345.76982    
8.971   345.16736    
8.983   345.31687    
8.996   347.73598    
9.008   346.36840    
9.021   347.02774    
9.033   347.26719    
9.045   348.41303    
9.058   347.38355    
9.070   347.46527    
9.082   349.54208    
9.095   348.83463    
9.107   348.65052    
9.120   350.80141    
9.132   350.67557    
9.145   351.01043    
9.157   351.01043    
9.170   350.73509    
9.182   352.37323    
9.194   352.10812    
9.207   353.33068    
9.219   354.35735    
9.231   352.35306    
9.244   353.54576    
9.256   355.99014    
9.268   355.23956    
9.281   354.60474    
9.293   356.95313    
9.305   355.78800    
9.318   355.65603    
9.330   358.54043    
9.342   358.18318    
9.355   357.11439    
9.367   358.81736    
9.379   359.11466    
9.392   359.34169    
9.404   359.05033    
9.417   1.17605      
9.429   1.61498      
9.442   0.80832      
9.455   2.75403      
9.467   4.88945      
9.480   4.57309      
9.493   6.05109      
9.505   5.64080      
9.518   5.66524      
9.530   5.62400      
9.543   7.05499      
9.555   7.50559      
9.568   8.18588      
9.581   8.22057      
9.593   9.34239      
9.605   10.58556     
9.618   9.77606      
9.630   10.88393     
9.643   11.49052     
9.655   12.33259     
9.668   13.13942     
9.680   14.15823     
9.692   19.10021     
9.705   18.66410     
9.717   17.18637     
9.729   16.98273     
9.742   21.12012     
9.754   18.88176     
9.767   18.52611     
9.779   21.18697     
9.792   21.36610     
9.804   20.33460     
9.816   21.65364     
9.828   22.95017     
9.841   22.12747     
9.853   24.59954     
9.865   24.59954     
9.877   23.73744     
9.890   23.35011     
9.902   22.08458     
9.915   24.36053     
9.927   23.81173     
9.940   24.01118     
9.952   26.58547     
9.965   24.31403     
9.977   24.87118     
9.990   27.17187     
10.003  27.25228     
10.015  28.74171     
10.027  24.48531     
10.040  25.92322     
10.052  26.88665     
10.065  25.72853     
10.077  25.78393     
10.090  26.40609     
10.102  26.08237     
10.115  24.87415     
10.127  24.92317     
10.140  24.64329     
10.153  23.81665     
10.165  22.96140     
10.178  24.76121     
10.190  23.53554     
10.203  22.82178     
10.215  24.29078     
10.228  22.81779     
10.240  22.09161     
10.253  23.06739     
10.266  22.93055     
10.279  21.82199     
10.291  22.26930     
10.304  23.82399     
10.317  22.48980     
10.330  21.55280     
10.342  20.72719     
10.355  20.49486     
10.368  20.01507     
10.381  18.89614     
10.394  21.07405     
10.406  20.77577     
10.419  17.56989     
10.431  18.99227     
10.444  19.42891     
10.456  16.27581     
10.469  17.96189     
10.482  18.52457     
10.494  15.23050     
10.507  15.62280     
10.519  15.84863     
10.532  15.84308     
10.545  14.95526     
10.557  15.04752     
10.570  13.85337     
10.583  11.81711     
10.595  12.81205     
10.608  12.93183     
10.620  12.37417     
10.633  11.42309     
10.646  10.74811     
10.659  10.32551     
10.671  9.41960      
10.684  10.08961     
10.697  9.01306      
10.709  9.04323      
10.722  8.59256      
10.735  8.18560      
10.747  5.39364      
10.760  7.48152      
10.773  8.49736      
10.785  5.95551      
10.797  5.76513      
10.810  6.42497      
10.822  4.72846      
10.835  3.54755      
10.848  4.25574      
10.860  4.84793      
10.873  3.03120      
10.885  3.07237      
10.898  2.80598      
10.911  1.48002      
10.923  0.73994      
10.936  1.40363      
10.948  359.27972    
10.961  359.07925    
10.974  359.42791    
10.986  358.64569    
10.999  356.71900    
11.012  356.95902    
11.025  356.68136    
11.037  356.65353    
11.050  355.32621    
11.063  355.51579    
11.075  355.34802    
11.088  353.88728    
11.100  353.44640    
11.113  354.23352    
11.126  352.43805    
11.138  351.08392    
11.151  353.09298    
11.163  350.96410    
11.175  351.02034    
11.188  350.68913    
11.200  349.59268    
11.212  348.50022    
11.225  347.72973    
11.237  346.69596    
11.249  347.40090    
11.262  347.18234    
11.274  345.04872    
11.287  346.27196    
11.299  345.86160    
11.311  345.54072    
11.324  344.45459    
11.336  344.61137    
11.349  344.13486    
11.361  343.05027    
11.374  344.90091    
11.386  344.89078    
11.399  342.52834    
11.411  342.73010    
11.423  342.61422    
11.436  342.65449    
11.448  342.73135    
11.461  341.83560    
11.473  341.93878    
11.485  343.80021    
11.498  341.09979    
11.510  342.64807    
11.523  343.38428    
11.535  340.98198    
11.547  341.71508    
11.560  342.41964    
11.572  342.20380    
11.584  339.31791    
11.597  341.34366    
11.610  342.84108    
11.622  340.14858    
11.635  341.41911    
11.647  341.87721    
11.660  341.57078    
11.672  342.01289    
11.685  342.19351    
11.698  342.08420    
11.711  341.04561    
11.723  341.74917    
11.736  342.77932    
11.748  341.77960    
11.760  342.52711    
11.773  343.08812    
11.785  343.16033    
11.797  338.85891    
11.810  341.69376    
11.822  344.06692    
11.835  343.11745    
11.847  341.71336    
11.860  344.13798    
11.872  343.75425    
11.884  342.66097    
11.897  342.92257    
11.909  345.43681    
11.922  344.42990    
11.934  344.25368    
11.946  345.89310    
11.958  344.44525    
11.971  344.98630    
11.983  345.40378    
11.995  346.35965    
12.008  346.21225    
12.020  346.28498    
12.033  347.41077    
12.045  346.13475    
12.057  346.20395    
12.070  348.18628    
12.082  347.25389    
12.094  346.83992    
12.107  348.31360    
12.119  346.15550    
12.132  347.64274    
12.144  347.92287    
12.156  349.14286    
12.169  349.37122    
12.181  348.55811    
12.193  349.29512    
12.206  350.42988    
12.219  349.88736    
12.232  349.32395    
12.245  351.32086    
12.257  350.93659    
12.270  349.62291    
12.283  352.28540    
12.296  351.45272    
12.308  351.75503    
12.321  351.62658    
12.333  352.55656    
12.346  352.72215    
12.358  351.08325    
12.371  355.06293    
12.384  354.34988    
12.397  354.47678    
12.410  356.08408    
12.423  356.27537    
12.435  356.98618    
12.448  357.45735    
12.461  358.37738    
12.474  357.28030    
12.487  358.91498    
12.500  0.26357      
12.513  359.54963    
12.526  359.55208    
12.539  0.13792      
12.552  0.85823      
12.565  0.68532      
12.578  2.68806      
12.591  3.28451      
12.604  1.66283      
12.617  2.91789      
12.630  3.77474      
12.642  2.33371      
12.655  2.32985      
12.668  4.25720      
12.680  4.11865      
12.692  1.86214      
12.705  4.81625      
12.717  5.02171      
12.729  9.76332      
12.741  5.77787      
12.753  6.58194      
12.765  9.43469      
12.777  7.49807      
12.789  7.41953      
12.801  8.63528      
12.813  8.89679      
12.825  10.77540     
12.838  9.39953      
12.850  10.44527     
12.862  11.81725     
12.874  10.90017     
12.886  11.73341     
12.898  12.79871     
12.910  13.12150     
12.922  10.92466     
12.934  14.25037     
12.947  15.01096     
12.959  13.56823     
12.971  15.08989     
12.984  16.67435     
12.996  15.47644     
13.008  15.48725     
13.020  15.48725     
13.032  16.41247     
13.044  17.67051     
13.056  16.70758     
13.068  17.00516     
13.080  17.01195     
13.092  15.74508     
13.105  15.60028     
13.117  15.61218     
13.129  17.04767     
13.142  14.47096     
13.154  16.47601     
13.166  15.62318     
13.179  15.12796     
13.191  15.48219     
13.203  16.55195     
13.216  14.58580     
13.228  12.90741     
13.240  15.74734     
13.253  14.10887     
13.265  13.48489     
13.278  13.28772     
13.290  14.96037     
13.302  14.61999     
13.315  13.26210     
13.327  13.23925     
13.339  14.73566     
13.352  13.00934     
13.364  11.03712     
13.377  13.14741     
13.389  13.08473     
13.402  11.73830     
13.414  12.77766     
13.427  13.93217     
13.439  11.15621     
13.452  11.29701     
13.464  13.33434     
13.476  10.78530     
13.489  10.78324     
13.501  12.26754     
13.513  12.03593     
13.526  10.62772     
13.538  9.76386      
13.550  12.27635     
13.562  8.40764      
13.574  9.53149      
13.586  9.73787      
13.599  11.56296     
13.611  8.09645      
13.623  9.56352      
13.635  9.86306      
13.647  7.97875      
13.659  7.50151      
13.671  9.92104      
13.683  7.94495      
13.696  6.08654      
13.708  7.27546      
13.720  7.76708      
13.732  5.80563      
13.744  5.11700      
13.756  7.02250      
13.769  3.90330      
13.781  4.43575      
13.793  4.43575      
13.805  5.60822      
13.817  4.36157      
13.829  3.20538      
13.841  5.18136      
13.853  4.40971      
13.865  3.67703      
13.877  3.08444      
13.889  3.35572      
13.902  2.11722      
13.914  2.12507      
13.926  1.90497      
13.938  1.23918      
13.950  358.80125    
13.962  1.57187      
13.974  359.07728    
13.987  359.40104    
13.999  359.40104    
14.011  359.45260    
14.023  359.40104    
14.036  356.88698    
14.048  357.88916    
14.060  358.58735    
14.073  356.95651    
14.085  357.35323    
14.097  357.44567    
14.110  356.51761    
14.122  355.20907    
14.135  356.49284    
14.147  356.59601    
14.160  354.08342    
14.172  355.15426    
14.184  354.23190    
14.196  352.74927    
14.209  353.65302    
14.221  353.78695    
14.234  352.73033    
14.246  350.38059    
14.258  348.11231    
14.271  350.20049    
14.283  350.23091    
14.296  348.77269    
14.308  348.77269    
14.321  348.54076    
14.333  350.49455    
14.345  350.52559    
14.358  348.04068    
14.370  349.52625    
14.382  349.55102    
14.396  347.71576    
14.408  348.82966    
14.420  349.04306    
14.432  347.88696    
14.445  348.26306    
14.457  347.94376    
14.469  347.28227    
14.482  345.66456    
14.494  348.18720    
14.506  347.22070    
14.518  346.31768    
14.531  346.63042    
14.543  347.73758    
14.556  345.45296    
14.568  346.40963    
14.580  348.48349    
14.593  346.52866    
14.605  345.54210    
14.617  345.83526    
14.630  346.07209    
14.642  347.04095    
14.654  344.86566    
14.667  346.50778    
14.679  347.02074    
14.691  346.65647    
14.704  345.83867    
14.716  347.23747    
14.728  347.56197    
14.741  345.13126    
14.753  347.57617    
14.765  347.67750    
14.778  346.21249    
14.790  348.27249    
14.803  347.28296    
14.815  348.08276    
14.827  346.29177    
14.839  347.95960    
14.851  347.93695    
14.864  346.19893    
14.876  348.89466    
14.888  348.97863    
14.901  347.69689    
14.914  349.47141    
14.926  349.24315    
14.938  349.44121    
14.951  348.43663    
14.963  349.39574    
14.976  350.48756    
14.988  351.30882    
15.001  349.70007    
15.013  351.86719    
15.025  351.03226    
15.038  351.02640    
15.050  351.92561    
15.063  352.74180    
15.076  350.91349    
15.088  352.39417    
15.101  354.14065    
15.113  352.89404    
15.126  352.83697    
15.139  353.64509    
15.151  354.16345    
15.164  353.56260    
15.177  355.72327    
15.189  354.81759    
15.202  355.04466    
15.215  355.29014    
15.227  357.65813    
15.240  355.03966    
15.252  355.95373    
15.265  356.88874    
15.277  356.90030    
15.290  356.58135    
15.302  359.25767    
15.315  358.17408    
15.327  357.31321    
15.340  358.66011    
15.352  359.66575    
15.364  358.32918    
15.377  358.34844    
15.390  359.55299    
15.402  0.63659      
15.414  359.82626    
15.426  359.75205    
15.438  1.75784      
15.452  2.34753      
15.464  0.37358      
15.476  3.10996      
15.489  3.12320      
15.501  1.91722      
15.513  3.81546      
15.525  3.59118      
15.537  3.14430      
15.550  3.72346      
15.562  4.00663      
15.574  3.47767      
15.586  4.38806      
15.598  4.90562      
15.610  3.92942      
15.622  5.22544      
15.635  5.22544      
15.647  6.03573      
15.659  6.32891      
15.671  5.33242      
15.683  9.83096      
15.695  9.56496      
15.707  10.08884     
15.719  10.57380     
15.732  8.64605      
15.744  10.86081     
15.756  12.04397     
15.768  10.52907     
15.780  11.00827     
15.792  12.38834     
15.804  12.19314     
15.816  12.78153     
15.828  11.05813     
15.841  11.05813     
15.853  13.43949     
15.866  14.06806     
15.878  11.83999     
15.891  14.80104     
15.903  12.73696     
15.916  12.41495     
15.928  14.70460     
15.940  14.19624     
15.953  13.55823     
15.965  14.22806     
15.978  15.88595     
15.990  15.38476     
16.002  13.77649     
16.015  16.42552     
16.027  16.67887     
16.040  14.77856     
16.052  17.03373     
16.065  15.97221     
16.077  14.20230     
16.090  15.42882     
16.102  16.21382     
16.114  15.20061     
16.127  14.31147     
16.140  16.62738     
16.152  15.27638     
16.165  13.20923     
16.177  17.86573     
16.190  16.58173     
16.203  14.85034     
16.215  15.28743     
16.228  15.37086     
16.240  15.00861     
16.253  13.09836     
16.266  12.69285     
16.279  14.95526     
16.292  13.68679     
16.304  13.90716     
16.316  14.06776     
16.328  15.94241     
16.340  13.42622     
16.353  12.74529     
16.365  14.45441     
16.377  13.08270     
16.390  11.98181     
16.402  12.80996     
16.414  12.54058     
16.427  10.26325     
16.439  11.45430     
16.452  13.60542     
16.465  10.04115     
16.477  10.37371     
16.489  10.97268     
16.501  10.19644     
16.513  8.56766      
16.526  9.81110      
16.538  10.08012     
16.550  7.58146      
16.562  7.43220      
16.574  8.71489      
16.586  9.57104      
16.598  6.90682      
16.610  7.17803      
16.623  8.37718      
16.635  5.83463      
16.647  7.10352      
16.659  6.30510      
16.671  5.60552      
16.683  5.35974      
16.695  4.93136      
16.708  4.46716      
16.720  2.30806      
16.732  2.82893      
16.744  2.58918      
16.756  1.62393      
16.768  2.56788      
16.781  3.62657      
16.793  3.47992      
16.805  1.27799      
16.817  1.06323      
16.829  2.59502      
16.841  1.20850      
16.853  359.16703    
16.866  0.85479      
16.878  359.65776    
16.890  358.85101    
16.902  358.71656    
16.914  359.97998    
16.927  357.89328    
16.939  357.96486    
16.951  359.47494    
16.964  357.66145    
16.976  356.69240    
16.988  352.81489    
17.001  353.09636    
17.013  354.68143    
17.026  354.25868    
17.038  354.26639    
17.050  354.18189    
17.063  354.10784    
17.075  353.13952    
17.087  352.00900    
17.100  353.07438    
17.112  352.04890    
17.124  351.22934    
17.137  351.97033    
17.149  351.36988    
17.161  350.74985    
17.174  350.37353    
17.186  351.43686    
17.199  349.91564    
17.211  348.15609    
17.223  349.81586    
17.236  349.01516    
17.248  347.92336    
17.260  348.30268    
17.273  350.26569    
17.285  347.44879    
17.297  347.74078    
17.310  348.07926    
17.322  347.77245    
17.334  347.40860    
17.347  347.43290    
17.359  348.20480    
17.371  348.89154    
17.384  345.68455    
17.396  347.97504    
17.409  348.13948    
17.421  348.04193    
17.433  347.16011    
17.445  348.31636    
17.458  347.71040    
17.471  346.59270    
17.484  347.90524    
17.497  348.60539    
17.510  345.93741    
17.522  346.67168    
17.536  346.88409    
17.548  347.34120    
17.561  345.85943    
17.574  347.97504    
17.587  347.96970    
17.600  346.91180    
17.613  348.06688    
17.626  347.21818    
17.639  347.44957    
17.652  347.17174    
17.665  348.60623    
17.677  347.66314    
17.690  346.62076    
17.702  348.25884    
17.715  348.47252    
17.728  346.53962    
17.740  348.51744    
17.753  348.06216    
17.765  347.60400    
17.778  348.31372    
17.791  349.76367    
17.803  348.94338    
17.816  348.69368    
17.828  350.38433    
17.841  349.27330    
17.853  349.22383    
17.866  350.15124    
17.878  351.58456    
17.891  350.37052    
17.904  352.21250    
17.916  353.46537    
17.929  351.69119    
17.941  352.99708    
17.954  353.87491    
17.967  353.97378    
17.979  352.55468    
17.992  355.73584    
18.005  354.43107    
18.017  354.16450    
18.030  354.35735    
18.042  355.10485    
18.055  356.33980    
18.068  354.68678    
18.080  355.17427    
18.093  356.28649    
18.106  355.44040    
18.118  355.19114    
18.131  357.09081    
18.144  356.99023    
18.157  355.71085    
18.169  357.53656    
18.182  358.90897    
18.195  356.86800    
18.208  358.58877    
18.221  359.42107    
18.233  358.20763    
18.246  358.50178    
18.259  358.90274    
18.271  359.97955    
18.284  358.14547    
18.296  0.53976      
18.309  0.80143      
18.322  358.12707    
18.334  1.05943      
18.347  1.40830      
18.359  359.65214    
18.372  1.00543      
18.385  2.56111      
18.397  0.50364      
18.410  1.34955      
18.423  4.46313      
18.435  4.83132      
18.448  7.59604      
18.460  6.93261      
18.473  6.55868      
18.486  6.99112      
18.499  6.79802      
18.511  6.53394      
18.524  8.86599      
18.537  8.32312      
18.550  7.81903      
18.562  7.59601      
18.575  9.80216      
18.588  7.48489      
18.600  7.82803      
18.613  9.76426      
18.626  9.33189      
18.639  7.96368      
18.651  10.05330     
18.664  10.44978     
18.677  9.87794      
18.690  9.63794      
18.703  12.26386     
18.716  10.98766     
18.729  10.40028     
18.742  13.47764     
18.755  12.97327     
18.768  11.25542     
18.781  11.19239     
18.793  13.26832     
18.806  10.42530     
18.819  11.14092     
18.832  12.72367     
18.845  11.41424     
18.858  11.89201     
18.871  13.57550     
18.884  10.33748     
18.897  11.96779     
18.909  11.08584     
18.922  13.81398     
18.934  11.70472     
18.946  13.41003     
18.960  12.87093     
18.972  12.67618     
18.984  11.48602     
18.996  13.71785     
19.008  13.71785     
19.021  13.40576     
19.033  12.29245     
19.045  11.68718     
19.058  14.24378     
19.070  12.02026     
19.082  11.51545     
19.095  13.64355     
19.107  12.04286     
19.119  11.59385     
19.132  11.95582     
19.144  11.26359     
19.156  12.02669     
19.169  11.48131     
19.181  12.30454     
19.194  10.77915     
19.206  10.10264     
19.218  11.97167     
19.231  10.14577     
19.243  10.06137     
19.256  10.23717     
19.268  11.16937     
19.281  9.49063      
19.293  10.36686     
19.306  10.61456     
19.318  8.84038      
19.331  9.44804      
19.344  9.36231      
19.356  9.42636      
19.369  8.05278      
19.381  7.27188      
19.394  8.83165      
19.407  8.47944      
19.419  7.41551      
19.431  8.24723      
19.444  6.56468      
19.456  6.36618      
19.469  6.25890      
19.481  7.59051      
19.494  4.18542      
19.506  5.25356      
19.519  5.79621      
19.531  5.27818      
19.544  4.20852      
19.556  4.99478      
19.569  4.28278      
19.581  4.25153      
19.593  3.32544      
19.606  5.04369      
19.618  2.35417      
19.630  2.09990      
19.643  3.10946      
19.655  2.78184      
19.668  0.61401      
19.680  2.89831      
19.692  1.36296      
19.705  0.06269      
19.717  1.00999      
19.730  359.72062    
19.742  359.73418    
19.754  358.68146    
19.767  359.05587    
19.779  358.57791    
19.792  356.45147    
19.804  357.71021    
19.816  357.83255    
19.829  357.20481    
19.841  354.72092    
19.853  357.96778    
19.866  355.82692    
19.878  353.69777    
19.890  354.83349    
19.903  355.40610    
19.916  352.82146    
19.928  352.39041    
19.941  349.63681    
19.953  351.45809    
19.966  352.00175    
19.978  350.65748    
19.991  350.93429    
20.003  349.92481    
20.016  349.51878    
20.029  348.71656    
20.041  350.62915    
20.054  349.11447    
20.066  347.96169    
20.079  349.72667    
20.091  348.80450    
20.104  347.33348    
20.116  347.88933    
20.129  347.89729    
20.141  348.08092    
20.154  346.98953    
20.167  345.87982    
20.179  348.02218    
20.192  347.95623    
20.204  346.33112    
20.217  347.85595    
20.229  346.85613    
20.242  345.69155    
20.255  344.41597    
20.267  347.71774    
20.280  345.72780    
20.293  345.00810    
20.306  346.59612    
20.319  346.74599    
20.331  345.74354    
20.344  346.08168    
20.356  347.44879    
20.368  345.06974    
20.381  346.25624    
20.393  346.57245    
20.406  346.39654    
20.418  345.14246    
20.431  346.40722    
20.443  346.35116    
20.456  346.92945    
20.469  346.73768    
20.481  347.26702    
20.494  346.93002    
20.507  346.17107    
20.520  347.83619    
20.533  346.93634    
20.545  346.43868    
20.558  348.56368    
20.571  347.92068    
20.583  347.27742    
20.596  346.12436    
20.608  348.27523    
20.621  346.99272    
20.633  347.00967    
20.646  349.61368    
20.658  348.38131    
20.671  347.04650    
20.683  348.93295    
20.696  349.95227    
20.708  349.77448    
20.721  348.43580    
20.733  349.86602    
20.745  351.15268    
20.758  349.28738    
20.771  351.13834    
20.783  351.89917    
20.795  350.82983    
20.808  351.40971    
20.821  352.89892    
20.833  352.56942    
20.845  351.13794    
20.857  352.51736    
20.871  353.43274    
20.883  352.21216    
20.895  353.09163    
20.908  353.47529    
20.921  353.87922    
20.934  354.69811    
20.946  356.54734    
20.959  355.59687    
20.971  355.71369    
20.983  356.73787    
20.996  356.70113    
21.008  354.29328    
21.021  356.77738    
21.033  357.64535    
21.045  355.52975    
21.058  357.61406    
21.071  358.11985    
21.083  357.69312    
21.096  357.50789    
21.108  0.06002      
21.121  359.37461    
21.134  358.08413    
21.146  8.33575      
21.159  0.06023      
21.171  0.10031      
21.183  359.43099    
21.196  0.25283      
21.208  2.46088      
21.221  359.69567    
21.233  0.81846      
21.245  3.45156      
21.258  2.37221      
21.270  9.22448      
21.282  7.01958      
21.295  5.01349      
21.307  8.85548      
21.320  8.09732      
21.332  7.07623      
21.344  8.90353      
21.357  8.55424      
21.369  8.53924      
21.382  9.50543      
21.394  11.03632     
21.407  8.59198      
21.419  9.79332      
21.432  11.18223     
21.444  10.38886     
21.457  9.48975      
21.469  11.14102     
21.482  11.56110     
21.495  10.11706     
21.508  11.04352     
21.521  12.58749     
21.534  10.42530     
21.546  10.68694     
21.559  12.56359     
21.572  12.35140     
21.585  11.20555     
21.598  12.12549     
21.610  12.11311     
21.623  9.41389      
21.635  11.13513     
21.648  11.07690     
21.661  12.14939     
21.674  12.41686     
21.686  9.57083      
21.699  11.42484     
21.712  11.72072     
21.724  9.06138      
21.737  10.00173     
21.750  11.54554     
21.763  9.49115      
21.776  9.05204      
21.789  12.32351     
21.803  9.08942      
21.816  19.65100     
21.829  8.10136      
21.842  9.51219      
21.854  8.86482      
21.866  10.75070     
21.878  9.32009      
21.891  7.57007      
21.904  8.63467      
21.917  9.21971      
21.929  7.82159      
21.942  7.69895      
21.954  9.23573      
21.967  8.14486      
21.979  6.11400      
21.991  7.57062      
22.004  6.53888      
22.016  4.67666      
22.029  6.58358      
22.041  7.32407      
22.054  3.72866      
22.066  4.74209      
22.078  7.08942      
22.091  4.79546      
22.103  3.07177      
22.116  5.39551      
22.128  4.78836      
22.140  3.27942      
22.153  3.95932      
22.166  6.03144      
22.178  1.67617      
22.190  3.01388      
22.202  2.18342      
22.214  2.18978      
22.227  3.04478      
22.239  0.31252      
22.251  1.85231      
22.263  0.60287      
22.276  0.97630      
22.288  2.21557      
22.300  0.18643      
22.312  0.23239      
22.324  1.56145      
22.337  0.98292      
22.349  0.30029      
22.361  359.81384    
22.373  0.88808      
22.386  0.72759      
22.398  357.49215    
22.410  359.19742    
22.423  359.73110    
22.435  357.62437    
22.447  357.13759    
22.460  359.19626    
22.472  348.66200    
22.485  355.42851    
22.497  355.14798    
22.509  354.07130    
22.522  355.51501    
22.534  356.83781    
22.546  354.77865    
22.559  354.00194    
22.571  355.17306    
22.584  355.65651    
22.596  354.46566    
22.609  354.90692    
22.621  355.51272    
22.633  353.47855    
22.646  354.92704    
22.658  353.43642    
22.674  353.23415    
22.687  353.32758    
22.700  354.69130    
22.712  354.25783    
22.724  352.14074    
22.737  354.05942    
22.749  353.80927    
22.762  352.21315    
22.774  352.73941    
22.787  354.24381    
22.799  351.91795    
22.812  352.79283    
22.824  353.61945    
22.836  352.89905    
22.848  352.39605    
22.860  353.03698    
22.872  354.11461    
22.884  354.11461    
22.897  351.87262    
22.911  353.08702    
22.923  355.04988    
22.935  353.28442    
22.947  353.40154    
22.960  353.50981    
22.972  354.20018    
22.984  353.44100    
22.996  354.44810    
23.009  355.27246    
23.021  353.06671    
23.033  353.78077    
23.045  355.14402    
23.058  353.78678    
23.070  353.86632    
23.082  355.05368    
23.095  355.15568    
23.107  353.85889    
23.119  355.51350    
23.131  355.42230    
23.143  354.32428    
23.156  354.32685    
23.168  356.58144    
23.180  356.53119    
23.192  355.31378    
23.204  355.43329    
23.216  355.83783    
23.228  356.74673    
23.241  354.77194    
23.253  356.53236    
23.265  357.40099    
23.277  355.97682    
23.289  356.25045    
23.301  357.11049    
23.313  357.54487    
23.325  356.29011    
23.338  359.04581    
23.350  357.28002    
23.362  357.02754    
23.374  358.92093    
23.386  358.92093    
23.398  357.75545    
23.411  358.30240    
23.423  358.76291    
23.435  359.86035    
23.447  357.80500    
23.459  357.52356    
23.472  1.34482      
23.485  0.02005      
23.497  0.34033      
23.509  0.88046      
23.521  0.98223      
23.533  0.21569      
23.546  0.59087      
23.558  1.51916      
23.570  1.42916      
23.582  1.87754      
23.594  2.84651      
23.606  2.18378      
23.619  1.16372      
23.631  1.13383      
23.643  2.21666      
23.655  3.48239      
23.667  1.62115      
23.680  2.96869      
23.692  3.60938      
23.704  6.28468      
23.717  5.80853      
23.729  6.43523      
23.741  5.00119      
23.754  6.25151      
23.766  5.58816      
23.778  6.30913      
23.790  7.42501      
23.803  6.31937      
23.815  6.44498      
23.827  7.97221      
23.840  7.72714      
23.852  7.04029      
23.864  8.97607      
23.877  8.27859      
23.889  6.40435      
23.902  6.24061      
23.915  7.87167      
23.927  8.68929      
23.940  8.02889      
23.953  8.13914      
23.965  8.93738      
23.978  8.34474      
23.990  7.79933      
24.002  8.77433      
24.015  10.74038     
24.027  8.75427      
24.039  8.73139      
24.051  11.37373     
24.063  9.14781      
24.076  8.33854      
24.088  10.07164     
24.100  10.20397     
24.112  7.99627      
24.124  8.15770      
24.136  10.54160     
24.148  8.31149      
24.161  8.20806      
24.173  8.97607      
24.185  9.18282      
24.198  9.18282      
24.210  7.61027      
24.224  8.91046      
24.236  8.91046      
24.249  7.64838      
24.261  6.80937      
24.273  8.57925      
24.285  7.41375      
24.298  6.85547      
24.310  7.69663      
24.322  6.87673      
24.334  6.43029      
24.347  7.45289      
24.359  8.45503      
24.371  5.45716      
24.383  6.32813      
24.395  7.65892      
24.408  5.66423      
24.420  5.57991      
24.432  7.37963      
24.445  6.46315      
24.457  5.24320      
24.469  5.61306      
24.482  6.27990      
24.494  6.27990      
24.506  4.16084      
24.518  5.08886      
24.531  5.58724      
24.543  3.68930      
24.555  3.66386      
24.567  6.01012      
24.580  2.98719      
24.592  2.97289      
24.604  2.91120      
24.616  3.64567      
24.628  2.87303      
24.640  3.31006      
24.653  3.25635      
24.665  1.98574      
24.677  0.87975      
24.689  3.92088      
24.702  0.80722      
24.714  359.80614    
24.726  0.88872      
24.738  0.88872      
24.750  1.04498      
24.762  0.56130      
24.775  0.78921      
24.787  0.39442      
24.799  358.32383    
24.811  359.93731    
24.823  0.23291      
24.836  358.28495    
24.848  358.63106    
24.860  359.15429    
24.872  356.74163    
24.884  357.39175    
24.896  358.35794    
24.909  358.09358    
24.921  356.61771    
24.933  356.55287    
24.946  356.67595    
24.958  356.08543    
24.970  356.08543    
24.982  354.78868    
24.995  356.73485    
25.007  356.05844    
25.019  354.88843    
25.031  352.19483    
25.044  351.16373    
25.056  354.83829    
25.068  353.10985    
25.081  351.21160    
25.093  352.81400    
25.106  352.55773    
25.118  352.11002    
25.130  352.59048    
25.143  352.56776    
25.155  350.60741    
25.168  350.87724    
25.181  351.62411    
25.193  350.35498    
25.205  348.11033    
25.218  348.82220    
25.230  351.44009    
25.243  349.18802    
25.255  349.39363    
25.268  350.33892    
25.280  349.54712    
25.292  340.53326    
25.305  348.55768    
25.317  349.26819    
25.330  349.90070    
25.342  348.11608    
25.354  349.04294    
25.367  350.31077    
25.379  348.91458    
25.392  348.57641    
25.404  349.38713    
25.416  348.21004    
25.428  347.29008    
25.440  349.46645    
25.453  349.50922    
25.465  348.60066    
25.477  348.63499    
25.489  350.34206    
25.502  348.74462    
25.514  348.94122    
25.526  349.25651    
25.539  350.09306    
25.551  347.95274    
25.563  350.47470    
25.575  350.13501    
25.588  350.16117    
25.600  349.11447    
25.612  349.36615    
25.625  350.86982    
25.637  349.65984    
25.650  349.06831    
25.662  352.05265    
25.674  350.91048    
25.687  350.97326    
25.699  351.35939    
25.712  353.14097    
25.724  349.74406    
25.736  351.86172    
25.749  351.99469    
25.761  351.94378    
25.773  349.74021    
25.786  353.11761    
25.798  351.85089    
25.810  351.81710    
25.823  353.20830    
25.835  353.34557    
25.847  352.96709    
25.860  352.95842    
25.872  355.06344    
25.884  355.06344    
25.896  353.25634    
25.909  354.18365    
25.921  355.54804    
25.933  355.72679    
25.946  355.28783    
25.958  356.94788    
25.971  356.53001    
25.983  355.63876    
25.995  357.45651    
26.008  358.03668    
26.020  356.83717    
26.033  358.04015    
26.045  358.44526    
26.057  357.30047    
26.070  357.68770    
26.082  358.45455    
26.094  359.53859    
26.107  357.90036    
26.119  358.48843    
26.131  1.04846      
26.144  358.60234    
26.156  0.13868      
26.168  1.23481      
26.181  0.50613      
26.193  0.49053      
26.205  0.54508      
26.218  1.05722      
26.230  2.11306      
26.242  3.84245      
26.255  2.44509      
26.267  2.91532      
26.279  5.99897      
26.292  4.89733      
26.305  5.18864      
26.317  6.68906      
26.329  7.08291      
26.342  6.36600      
26.354  8.69575      
26.367  8.00212      
26.379  6.46874      
26.392  6.19702      
26.404  8.45944      
26.416  7.26738      
26.429  10.22664     
26.442  11.40343     
26.454  11.74162     
26.466  8.82995      
26.479  10.29124     
26.492  10.45560     
26.504  12.45190     
26.516  9.61033      
26.529  11.59498     
26.541  11.98871     
26.553  11.67248     
26.566  11.40194     
26.578  10.44646     
26.590  12.78292     
26.603  10.82238     
26.615  10.49070     
26.628  12.88996     
26.640  11.59272     
26.652  11.05316     
26.665  13.25406     
26.678  12.21301     
26.690  12.08246     
26.703  10.96152     
26.715  14.06847     
26.729  12.24315     
26.742  12.11557     
26.754  13.06172     
26.766  13.79912     
26.778  11.39709     
26.790  13.28191     
26.802  12.90572     
26.814  10.86081     
26.826  12.07704     
26.839  13.03491     
26.851  12.47378     
26.863  11.34903     
26.875  11.16038     
26.887  11.39150     
26.899  12.50789     
26.911  10.62762     
26.923  10.18494     
26.935  12.20900     
26.948  9.69444      
26.960  9.44051      
26.972  11.52393     
26.984  10.36477     
26.996  7.87757      
27.008  11.17411     
27.021  10.16731     
27.033  7.72436      
27.045  10.05017     
27.057  10.11566     
27.069  7.02985      
27.082  7.02985      
27.094  9.47678      
27.106  8.81307      
27.118  7.61063      
27.130  8.03907      
27.142  7.56499      
27.154  7.61597      
27.167  5.32316      
27.179  6.97055      
27.191  8.22747      
27.203  5.92739      
27.215  4.74583      
27.227  7.27101      
27.240  4.83658      
27.252  4.86315      
27.264  4.96145      
27.276  4.10705      
27.288  4.92047      
27.300  4.74645      
27.312  3.64195      
27.324  4.29130      
27.336  1.19621      
27.349  3.25774      
27.361  4.22926      
27.373  1.93608      
27.385  1.92571      
27.397  0.74767      
27.409  1.65437      
27.422  358.95876    
27.434  0.54421      
27.446  359.97859    
27.458  359.37417    
27.471  357.92972    
27.484  358.53274    
27.497  357.96923    
27.510  357.79106    
27.522  357.74909    
27.535  356.83826    
27.547  356.80009    
27.560  358.54120    
27.572  355.71289    
27.585  355.90311    
27.598  357.12728    
27.610  355.10928    
27.623  354.12679    
27.636  356.53363    
27.648  356.53115    
27.661  354.16363    
27.674  354.05231    
27.687  354.79254    
27.700  354.34659    
27.712  353.25242    
27.725  354.17812    
27.737  354.10144    
27.749  354.42441    
27.762  352.98679    
27.774  350.35736    
27.787  350.22080    
27.799  351.31756    
27.812  350.66729    
27.824  349.17909    
27.837  350.21694    
27.849  350.73240    
27.862  349.30511    
27.874  349.53208    
27.887  349.32116    
27.899  349.95227    
27.911  348.19219    
27.924  348.69377    
27.937  348.95577    
27.950  347.33640    
27.963  348.14722    
27.976  348.55505    
27.988  347.25010    
28.002  347.03890    
28.015  347.89018    
28.028  348.24460    
28.041  346.57407    
28.055  347.22706    
28.068  347.51737    
28.081  346.95842    
28.095  346.52758    
28.108  348.24398    
28.122  348.25638    
28.135  346.87786    
28.149  347.46910    
28.162  347.64695    
28.175  347.10997    
28.188  347.59258    
28.201  348.93600    
28.214  347.14429    
28.226  346.22075    
28.239  349.13345    
28.252  348.12221    
28.265  346.08527    
28.277  347.86460    
28.290  349.28245    
28.303  347.52182    
28.317  348.12250    
28.330  349.99090    
28.342  349.64461    
28.354  348.42676    
28.366  349.90174    
28.379  349.64851    
28.391  348.70095    
28.403  350.60163    
28.415  350.58688    
28.428  350.10564    
28.440  348.73080    
28.452  351.65836    
28.465  351.12408    
28.478  349.82878    
28.490  351.60233    
28.502  350.95111    
28.515  351.37912    
28.527  352.60821    
28.539  353.67081    
28.551  351.43163    
28.564  352.90401    
28.576  353.09603    
28.588  353.09603    
28.601  353.13347    
28.613  352.32886    
28.625  355.21367    
28.637  354.14349    
28.650  353.87491    
28.662  354.37508    
28.674  355.95298    
28.686  354.23272    
28.698  355.86743    
28.711  356.01335    
28.723  356.23441    
28.735  354.93614    
28.747  356.73459    
28.760  355.94751    
28.772  354.48713    
28.784  357.86659    
28.796  357.50793    
28.808  356.67625    
28.821  358.55159    
28.833  358.55159    
28.845  358.27123    
28.857  358.00845    
28.870  357.74110    
28.882  359.93781    
28.894  359.46398    
28.906  358.19616    
28.918  1.15386      
28.932  0.09982      
28.944  0.75708      
28.957  0.81279      
28.970  1.76457      
28.982  1.79495      
28.995  1.99929      
29.008  4.02037      
29.020  2.50103      
29.033  2.11881      
29.046  4.73196      
29.058  3.14519      
29.071  2.70792      
29.083  3.93598      
29.096  4.25296      
29.109  4.03501      
29.121  4.81507      
29.134  5.26022      
29.147  5.31598      
29.159  4.71881      
29.172  6.32398      
29.185  7.53495      
29.197  11.07020     
29.210  8.55497      
29.223  8.17800      
29.235  9.88154      
29.248  11.88520     
29.260  9.10885      
29.273  11.23594     
29.286  11.83939     
29.298  9.35324      
29.311  9.80689      
29.323  12.97327     
29.336  10.47010     
29.349  11.67066     
29.362  13.32453     
29.374  12.37804     
29.387  11.39515     
29.400  10.93529     
29.412  12.52640     
29.425  13.81187     
29.438  13.06932     
29.450  12.75144     
29.463  14.53840     
29.475  13.22877     
29.488  12.27335     
29.501  15.42606     
29.514  15.69653     
29.526  13.75683     
29.539  13.52454     
29.552  15.95445     
29.565  14.16276     
29.578  13.50185     
29.591  15.68829     
29.604  15.08617     
29.617  14.49342     
29.630  14.65236     
29.643  15.57717     
29.657  13.22179     
29.670  14.25524     
29.683  15.10351     
29.696  13.34036     
29.709  15.40753     
29.721  14.78093     
29.734  15.06510     
29.747  12.71810     
29.759  12.82813     
29.772  15.03043     
29.784  12.35267     
29.798  13.08205     
29.810  15.13826     
29.823  14.15665     
29.836  11.57015     
29.848  14.77331     
29.861  13.05186     
29.873  11.57810     
29.887  12.00529     
29.900  13.82307     
29.912  11.19098     
29.925  11.11626     
29.937  12.18949     
29.949  11.41625     
29.961  8.92745      
29.974  10.47442     
29.986  11.28930     
29.998  7.24077      
30.010  8.33670      
30.022  10.23179     
30.034  8.34772      
30.046  8.02168      
30.058  10.10526     
30.070  6.85450      
30.082  6.50182      
30.095  6.50182      
30.107  8.36460      
30.119  7.63786      
30.131  5.74118      
30.143  6.20247      
30.155  7.24814      
30.167  4.40702      
30.179  4.16996      
30.191  6.95348      
30.203  3.58718      
30.216  3.13429      
30.228  5.77888      
30.240  3.05148      
30.252  2.49048      
30.264  3.27111      
30.276  3.18714      
30.288  1.16697      
30.300  1.16697      
30.312  2.34580      
30.325  2.50846      
30.337  0.92128      
30.349  0.48843      
30.361  2.19486      
30.373  359.51801    
30.385  359.49857    
30.397  0.93612      
30.409  0.44041      
30.422  358.54953    
30.434  358.82256    
30.446  358.40771    
30.459  356.95076    
30.471  357.93177    
30.483  358.03291    
30.496  358.20746    
30.508  354.26929    
30.520  352.61843    
30.533  354.67838    
30.545  354.76019    
30.557  355.13014    
30.570  354.80738    
30.582  353.40123    
30.594  355.07289    
30.607  353.43159    
30.619  353.43327    
30.631  353.92378    
30.644  353.50792    
30.656  352.26519    
30.668  351.90547    
30.681  352.82116    
30.693  351.60739    
30.706  351.59092    
30.719  351.41533    
30.731  351.74311    
30.744  349.12721    
30.757  351.53824    
30.769  351.28648    
30.782  349.53864    
30.794  350.37486    
30.807  350.85421    
30.819  349.89477    
30.832  348.30996    
30.845  350.98960    
30.857  349.84490    
30.870  349.32051    
30.882  349.51346    
30.895  351.14180    
30.907  348.97296    
30.920  349.27613    
30.933  349.39729    
30.946  349.03315    
30.959  349.75334    
30.972  350.04639    
30.985  350.97568    
30.998  349.21659    
31.011  350.81116    
31.024  351.21869    
31.037  349.91055    
31.049  349.68005    
31.062  351.46923    
31.075  350.44442    
31.089  350.22356    
31.102  351.11346    
31.114  351.43059    
31.127  349.46978    
31.140  352.04996    
31.152  351.24954    
31.165  350.27407    
31.178  350.24758    
31.190  351.19988    
31.202  350.55656    
31.215  350.34462    
31.227  350.27079    
31.239  351.78464    
31.252  351.26118    
31.264  350.02160    
31.277  351.60802    
31.289  352.33102    
31.302  351.60488    
31.314  351.63632    
31.327  352.80338    
31.339  352.28691    
31.352  350.21825    
31.364  353.13594    
31.377  353.30949    
31.389  352.89404    
31.402  352.58096    
31.414  355.74535    
31.427  353.24191    
31.439  354.72268    
31.451  355.16985    
31.463  356.28445    
31.475  353.00112    
31.488  356.54460
