3.750    168.85408    
3.762    167.16514    
3.774    167.46901    
3.786    167.74289    
3.798    167.55284    
3.810    167.98216    
3.822    168.04506    
3.835    167.98644    
3.847    166.88836    
3.859    168.94885    
3.871    167.83746    
3.883    166.28187    
3.896    159.73116    
3.908    160.13464    
3.921    165.31843    
3.933    165.67459    
3.945    164.80127    
3.958    164.86476    
3.970    166.30060    
3.982    165.57123    
3.995    163.77482    
4.007    164.52771    
4.020    163.85759    
4.032    162.24446    
4.044    162.91843    
4.057    162.91273    
4.069    163.15536    
4.081    161.28481    
4.094    161.85397    
4.106    160.46394    
4.118    160.61943    
4.131    160.51808    
4.143    160.69223    
4.155    159.03546    
4.168    159.57239    
4.180    159.70749    
4.193    158.48412    
4.205    157.29326    
4.217    157.19110    
4.230    158.26397    
4.242    157.61887    
4.254    155.82896    
4.267    157.53443    
4.279    156.55542    
4.291    156.03177    
4.304    155.46151    
4.316    156.98902    
4.328    154.42627    
4.341    153.83289    
4.353    154.71399    
4.366    152.89343    
4.378    153.33716    
4.390    153.45200    
4.403    153.76447    
4.415    151.96852    
4.427    151.63504    
4.440    152.24233    
4.452    150.95075    
4.465    150.61509    
4.477    150.47302    
4.489    150.43799    
4.502    149.97360    
4.515    149.65558    
4.527    149.67189    
4.539    149.67189    
4.552    148.49623    
4.564    147.39249    
4.576    148.17739    
4.588    146.91092    
4.601    147.84373    
4.613    146.69244    
4.625    145.87518    
4.638    146.24438    
4.650    145.38950    
4.662    144.12581    
4.675    143.46625    
4.687    143.50642    
4.699    144.89818    
4.712    143.21238    
4.724    144.40420    
4.736    143.97398    
4.748    142.75866    
4.761    141.94744    
4.773    142.94964    
4.786    141.92627    
4.798    139.92468    
4.810    140.91150    
4.822    140.39475    
4.835    141.01928    
4.847    139.16498    
4.859    139.17718    
4.872    140.72440    
4.884    138.15224    
4.896    136.37772    
4.909    137.76173    
4.921    136.91828    
4.934    135.42903    
4.947    135.87778    
4.960    136.90269    
4.972    136.01364    
4.985    134.39392    
4.998    134.13658    
5.011    133.99856    
5.024    131.50127    
5.037    133.10190    
5.050    132.38850    
5.063    133.04270    
5.075    132.79691    
5.088    131.01268    
5.101    130.91165    
5.114    129.96406    
5.127    129.55402    
5.140    129.37963    
5.152    128.34917    
5.165    127.84435    
5.178    127.40448    
5.191    126.67147    
5.203    127.87992    
5.216    128.74686    
5.229    126.59943    
5.241    125.21938    
5.254    124.82856    
5.267    124.70341    
5.280    124.24505    
5.292    123.88012    
5.305    123.92672    
5.318    120.58441    
5.330    122.71362    
5.343    122.33854    
5.356    119.64813    
5.369    119.64710    
5.382    119.36505    
5.395    120.42604    
5.407    117.96412    
5.420    118.26547    
5.433    116.89308    
5.446    117.64835    
5.459    115.94983    
5.471    115.44527    
5.484    114.52147    
5.497    114.36311    
5.509    112.92603    
5.522    113.01008    
5.535    112.59232    
5.548    111.72913    
5.561    112.23689    
5.574    110.70141    
5.586    109.61569    
5.599    109.28367    
5.612    108.70851    
5.625    106.34668    
5.638    106.99240    
5.651    106.21883    
5.663    104.92125    
5.676    106.15681    
5.689    104.18450    
5.702    102.79295    
5.715    103.58350    
5.728    103.53332    
5.740    101.66339    
5.753    99.02893     
5.766    99.94781     
5.779    98.82700     
5.792    99.62180     
5.804    98.17352     
5.817    98.39855     
5.829    94.17745     
5.842    95.84762     
5.854    94.30967     
5.867    91.65608     
5.879    92.79480     
5.892    93.29821     
5.904    93.29821     
5.917    91.23015     
5.929    91.06052     
5.942    92.72126     
5.954    89.11956     
5.967    86.72951     
5.979    87.06774     
5.992    87.19257     
6.004    85.91902     
6.017    84.67222     
6.029    85.12996     
6.041    85.06427     
6.054    82.89939     
6.066    82.84436     
6.078    80.54128     
6.090    82.49786     
6.102    80.96001     
6.114    78.51501     
6.127    76.71188     
6.139    77.45155     
6.151    78.17390     
6.163    74.33362     
6.176    73.93905     
6.189    75.25081     
6.202    74.08425     
6.214    71.97544     
6.226    71.97544     
6.238    72.73901     
6.251    72.97819     
6.263    71.43642     
6.275    68.73698     
6.287    69.13758     
6.299    68.43945     
6.311    68.01237     
6.323    66.83905     
6.335    65.78327     
6.347    63.93172     
6.360    61.84047     
6.372    62.29316     
6.384    60.00571     
6.396    60.01607     
6.409    60.11438     
6.421    61.63296     
6.433    57.34920     
6.446    56.76241     
6.458    57.06668     
6.470    55.63409     
6.482    53.57386     
6.495    53.93500     
6.507    51.85401     
6.519    51.04334     
6.531    49.88591     
6.544    48.92448     
6.556    48.22931     
6.568    47.58834     
6.581    47.93861     
6.593    47.73253     
6.605    45.94233     
6.618    44.49035     
6.630    43.83688     
6.643    43.06092     
6.655    41.14702     
6.667    40.41373     
6.680    40.62829     
6.692    37.94427     
6.704    39.19578     
6.717    38.36749     
6.729    37.22289     
6.742    35.60838     
6.754    36.41062     
6.766    36.75066     
6.779    35.65613     
6.791    33.67085     
6.803    32.58551     
6.815    32.55696     
6.828    31.49729     
6.840    32.00538     
6.852    28.71954     
6.865    27.58232     
6.877    25.95038     
6.890    27.75133     
6.903    25.16526     
6.915    26.32436     
6.927    25.20469     
6.940    25.26244     
6.953    23.71562     
6.965    21.62194     
6.978    22.48153     
6.990    20.69955     
7.003    20.68194     
7.016    19.29857     
7.028    18.27842     
7.041    17.72694     
7.053    18.01382     
7.066    19.65076     
7.078    16.03307     
7.091    17.48485     
7.104    16.44483     
7.116    14.04687     
7.129    14.35476     
7.142    13.83485     
7.154    12.91263     
7.167    10.76906     
7.180    14.68253     
7.193    13.58311     
7.205    2.04227      
7.218    9.47645      
7.231    9.68306      
7.243    9.79034      
7.256    7.71717      
7.269    7.16662      
7.282    7.22219      
7.294    6.69629      
7.307    5.80927      
7.320    6.79100      
7.333    6.18293      
7.345    4.11630      
7.358    3.65631      
7.371    3.82937      
7.384    2.77978      
7.396    1.91758      
7.409    1.36493      
7.422    0.35522      
7.435    358.45795    
7.447    0.06399      
7.459    358.62194    
7.471    357.07517    
7.484    356.40553    
7.496    354.33411    
7.509    352.46960    
7.521    355.91722    
7.533    351.64943    
7.546    351.99656    
7.558    351.84974    
7.570    351.64689    
7.583    350.54425    
7.595    349.57628    
7.607    351.30380    
7.620    349.05159    
7.632    348.54749    
7.645    348.04131    
7.657    341.41062    
7.670    344.41090    
7.682    343.58823    
7.695    342.83546    
7.707    344.08560    
7.720    345.07197    
7.733    343.41303    
7.746    343.01883    
7.759    343.19390    
7.772    341.64099    
7.786    341.28606    
7.798    342.26453    
7.811    341.42664    
7.823    341.42664    
7.837    341.43485    
7.849    342.25327    
7.862    341.82694    
7.874    339.63576    
7.887    340.85186    
7.899    341.06100    
7.912    338.39563    
7.924    339.17595    
7.937    341.01907    
7.949    340.24261    
7.961    339.37344    
7.974    339.00112    
7.986    339.88955    
7.999    339.11810    
8.011    339.21024    
8.024    340.13750    
8.036    339.32848    
8.049    339.17000    
8.061    339.64465    
8.073    339.80888    
8.086    339.27218    
8.098    340.03027    
8.110    339.35569    
8.123    340.09625    
8.135    340.06432    
8.148    341.22331    
8.161    340.63255    
8.173    341.90263    
8.186    342.55431    
8.198    341.66091    
8.210    340.51309    
8.223    341.63932    
8.235    341.63932    
8.248    343.20391    
8.260    342.11644    
8.272    341.34322    
8.285    342.15642    
8.297    342.79903    
8.309    341.33030    
8.322    343.19999    
8.334    343.58494    
8.346    342.58302    
8.359    343.19672    
8.372    344.21474    
8.384    343.75588    
8.396    343.92439    
8.408    344.21696    
8.421    344.52548    
8.433    345.54957    
8.446    345.49863    
8.458    345.03724    
8.471    344.55784    
8.483    346.71709    
8.495    345.97266    
8.507    344.14615    
8.519    345.38799    
8.532    347.33092    
8.544    347.39830    
8.556    346.75844    
8.568    346.31400    
8.580    346.43520    
8.592    346.93918    
8.604    347.48117    
8.616    347.48520    
8.629    348.13515    
8.641    348.34100    
8.653    349.46978    
8.665    349.44784    
8.677    348.21823    
8.690    348.89087    
8.702    349.82403    
8.714    349.68345    
8.726    349.94712    
8.738    349.92233    
8.751    350.22565    
8.763    350.22565    
8.775    350.52494    
8.787    351.29478    
8.800    352.30045    
8.812    350.67613    
8.824    351.26380    
8.836    352.05869    
8.848    352.08138    
8.860    352.24658    
8.873    354.14047    
8.885    353.85251    
8.897    353.90871    
8.909    353.97801    
8.921    355.31380    
8.934    354.88471    
8.946    355.06897    
8.958    356.99224    
8.970    357.43477    
8.982    357.98255    
8.994    357.96306    
9.006    359.22685    
9.019    358.90137    
9.031    358.60426    
9.043    2.20415      
9.055    1.79875      
9.067    0.17316      
9.079    3.04025      
9.091    4.10271      
9.104    3.58912      
9.116    3.22539      
9.128    6.17953      
9.140    5.84409      
9.152    3.65859      
9.164    6.94216      
9.176    7.78854      
9.188    13.42790     
9.201    14.18672     
9.213    11.89206     
9.225    13.24179     
9.238    14.39669     
9.250    13.33684     
9.262    14.57336     
9.275    16.50659     
9.287    16.99559     
9.299    14.64170     
9.312    18.04037     
9.324    16.50664     
9.336    17.90803     
9.349    18.53745     
9.361    20.11743     
9.374    18.20054     
9.386    20.43806     
9.398    25.10844     
9.411    24.73048     
9.423    23.25419     
9.435    24.02476     
9.447    27.99187     
9.459    25.88525     
9.471    25.88525     
9.484    25.85960     
9.496    26.46515     
9.508    27.28523     
9.520    26.64591     
9.532    27.60179     
9.544    27.37911     
9.556    27.16031     
9.568    26.58522     
9.580    26.58480     
9.593    27.06235     
9.605    25.99221     
9.617    26.50626     
9.629    26.44948     
9.641    26.46736     
9.654    26.58437     
9.666    27.87567     
9.678    27.36285     
9.691    27.52105     
9.703    28.28065     
9.715    28.64103     
9.727    28.01039     
9.740    28.49733     
9.752    27.47679     
9.764    28.36676     
9.776    27.91224     
9.789    26.72330     
9.801    26.64423     
9.813    27.46389     
9.825    26.11989     
9.838    26.78732     
9.850    27.31583     
9.862    26.20986     
9.875    27.34237     
9.887    25.30387     
9.899    24.55834     
9.912    24.92597     
9.925    25.22141     
9.937    25.17352     
9.949    23.35928     
9.962    24.34775     
9.974    24.41290     
9.987    24.41290     
9.999    23.67813     
10.011   24.20031     
10.024   23.17883     
10.036   23.11923     
10.048   21.87681     
10.061   21.31256     
10.073   20.27624     
10.085   19.80455     
10.098   20.96742     
10.110   20.82811     
10.123   19.00840     
10.135   20.21050     
10.147   20.00701     
10.160   17.20349     
10.172   18.10298     
10.184   16.87512     
10.197   16.49590     
10.209   14.81193     
10.221   17.23773     
10.234   15.14123     
10.246   15.02842     
10.259   15.78624     
10.272   14.11930     
10.284   13.32899     
10.297   12.93524     
10.310   14.07728     
10.322   13.21727     
10.335   11.26359     
10.347   13.25911     
10.360   13.25911     
10.372   12.62972     
10.385   10.14838     
10.398   11.49190     
10.411   10.18023     
10.423   8.01202      
10.436   8.77325      
10.448   9.09986      
10.460   8.19548      
10.472   6.47003      
10.485   7.18556      
10.497   7.54815      
10.509   6.20530      
10.522   5.59728      
10.534   5.05368      
10.546   3.57633      
10.558   3.46757      
10.571   3.83568      
10.583   3.19187      
10.595   2.94925      
10.608   2.31180      
10.620   0.81726      
10.632   359.65387    
10.645   0.66322      
10.657   0.69255      
10.669   359.60124    
10.681   359.57773    
10.694   359.48990    
10.707   358.10925    
10.719   355.02767    
10.732   355.26947    
10.744   353.82711    
10.757   353.47402    
10.769   354.20411    
10.782   352.74645    
10.795   351.37548    
10.807   352.47729    
10.819   351.46146    
10.832   350.68656    
10.844   348.68619    
10.857   350.18434    
10.870   348.20077    
10.883   346.55056    
10.895   348.90212    
10.908   346.95482    
10.920   341.87055    
10.933   345.67906    
10.946   343.99125    
10.959   342.29921    
10.971   343.79786    
10.984   341.42288    
10.997   342.05835    
11.009   342.38605    
11.022   340.78007    
11.035   340.93949    
11.047   341.41322    
11.060   341.54807    
11.072   339.28971    
11.085   339.07359    
11.097   340.68829    
11.110   339.27306    
11.123   338.87228    
11.135   339.69620    
11.148   340.91941    
11.161   338.36740    
11.173   340.76192    
11.186   340.21286    
11.199   339.47241    
11.211   339.00482    
11.224   339.66163    
11.237   339.31175    
11.249   339.40088    
11.262   340.72551    
11.274   339.42270    
11.287   339.88483    
11.300   338.94622    
11.312   339.22257    
11.325   341.49225    
11.338   340.15029    
11.350   340.64844    
11.363   341.40830    
11.376   340.74090    
11.389   339.53896    
11.401   341.33490    
11.414   341.67538    
11.427   340.66025    
11.439   341.51319    
11.452   343.16935    
11.464   340.60242    
11.476   341.15783    
11.489   343.09003    
11.501   342.29332    
11.514   341.77287    
11.526   342.38069    
11.539   344.14103    
11.551   343.14925    
11.563   342.94804    
11.576   344.28486    
11.588   344.06739    
11.601   344.04730    
11.613   344.63858    
11.626   345.32856    
11.638   344.90745    
11.651   345.23499    
11.663   345.98122    
11.676   345.37093    
11.688   345.34461    
11.701   346.89937    
11.713   347.01191    
11.726   346.23677    
11.739   347.41420    
11.751   346.69405    
11.764   348.60099    
11.776   346.99335    
11.789   348.36106    
11.802   347.80953    
11.814   347.26459    
11.827   348.52865    
11.839   349.80576    
11.852   348.91145    
11.864   349.27134    
11.877   351.41603    
11.889   350.97222    
11.902   350.51299    
11.914   351.94524    
11.927   353.26893    
11.939   352.07942    
11.952   352.93526    
11.965   352.30445    
11.977   353.27128    
11.990   352.74715    
12.003   354.51776    
12.017   355.24260    
12.029   353.36182    
12.043   356.58714    
12.056   356.25430    
12.068   354.82443    
12.081   357.10974    
12.094   358.53670    
12.106   354.61103    
12.119   358.08311    
12.132   359.59186    
12.144   357.31266    
12.157   359.21491    
12.170   1.90115      
12.182   0.09511      
12.195   1.30549      
12.208   3.61367      
12.220   2.74916      
12.233   2.44454      
12.245   6.90692      
12.258   5.46690      
12.270   6.41239      
12.283   8.05560      
12.296   9.57791      
12.309   7.36628      
12.321   10.49517     
12.333   11.59806     
12.346   9.08778      
12.358   11.30599     
12.371   13.21292     
12.383   12.85625     
12.396   12.65884     
12.408   15.39583     
12.421   14.05661     
12.433   18.28552     
12.446   21.02908     
12.458   23.81190     
12.471   23.37866     
12.483   23.62164     
12.496   25.30175     
12.508   25.55905     
12.520   23.52692     
12.533   25.51205     
12.545   26.80856     
12.558   27.59366     
12.570   26.56505     
12.582   27.61037     
12.595   26.54484     
12.607   29.08800     
12.620   28.31734     
12.634   28.50073     
12.646   30.44809     
12.659   29.60099     
12.671   29.74213     
12.684   29.49010     
12.697   29.54006     
12.709   31.15710     
12.722   29.40971     
12.736   30.81079     
12.748   33.22974     
12.761   32.09482     
12.773   31.22586     
12.786   31.89786     
12.798   31.49749     
12.810   29.46017     
12.823   31.92699     
12.835   31.82942     
12.847   30.52128     
12.859   31.14144     
12.872   32.56567     
12.884   31.99583     
12.896   32.13971     
12.909   31.59436     
12.921   32.34370     
12.933   30.82766     
12.946   31.03809     
12.958   30.36027     
12.971   31.22609     
12.983   30.86703     
12.995   30.38527     
13.007   31.38009     
13.020   31.47323     
13.032   30.80733     
13.044   31.86853     
13.057   30.32105     
13.069   29.21890     
13.081   31.31095     
13.094   29.41519     
13.106   31.48391     
13.118   31.24978     
13.131   30.19956     
13.144   29.30141     
13.157   29.02590     
13.169   29.68589     
13.181   29.28124     
13.194   29.05241     
13.207   30.32397     
13.219   30.13077     
13.231   30.19832     
13.244   27.76571     
13.256   28.48918     
13.269   29.39016     
13.281   27.77216     
13.294   27.44598     
13.307   26.85713     
13.319   25.73488     
13.332   26.30448     
13.344   24.67962     
13.357   25.73781     
13.369   25.55906     
13.382   24.32861     
13.395   25.96143     
13.407   24.17616     
13.419   23.23062     
13.432   23.90662     
13.444   22.51512     
13.456   22.69645     
13.468   22.59296     
13.480   21.34214     
13.492   20.44919     
13.505   20.51513     
13.517   20.72829     
13.530   19.40354     
13.542   17.62353     
13.554   18.14753     
13.567   16.85777     
13.579   15.69510     
13.592   15.69510     
13.604   17.02365     
13.617   16.87010     
13.629   14.21091     
13.642   15.43460     
13.655   14.87699     
13.667   13.29130     
13.680   12.91561     
13.692   13.82639     
13.705   13.99323     
13.717   12.75321     
13.730   12.77547     
13.743   12.91367     
13.755   9.96900      
13.768   10.04424     
13.780   11.41543     
13.793   8.86752      
13.806   8.75757      
13.818   8.57760      
13.831   8.62568      
13.843   7.86463      
13.855   6.93733      
13.868   8.12696      
13.881   6.65225      
13.893   6.43490      
13.906   4.96159      
13.918   2.88588      
13.931   3.38054      
13.943   2.58677      
13.956   2.46211      
13.969   359.85362    
13.981   2.18501      
13.994   359.10548    
14.007   358.18976    
14.019   359.08057    
14.032   357.15006    
14.045   356.31574    
14.057   355.97897    
14.070   355.79881    
14.082   353.72270    
14.095   354.57652    
14.108   354.42830    
14.120   352.12606    
14.133   352.12606    
14.146   351.38247    
14.158   352.48991    
14.171   350.73446    
14.183   347.56767    
14.196   347.19573    
14.209   345.52334    
14.221   346.75640    
14.234   346.04303    
14.246   344.73660    
14.259   345.40091    
14.272   345.43524    
14.284   343.34644    
14.297   343.82132    
14.310   344.20889    
14.322   343.11133    
14.335   342.53039    
14.347   343.15967    
14.360   341.81907    
14.372   342.04740    
14.386   342.55431    
14.398   342.45145    
14.410   341.43032    
14.422   341.19220    
14.434   342.44395    
14.447   341.20268    
14.459   340.20182    
14.471   341.57089    
14.483   341.20118    
14.496   341.00083    
14.508   339.86149    
14.520   340.70323    
14.532   339.81018    
14.544   339.81018    
14.556   339.91600    
14.569   339.93620    
14.581   340.35344    
14.593   339.74075    
14.605   339.79893    
14.617   339.82011    
14.629   340.47347    
14.642   339.73299    
14.654   341.10160    
14.666   340.02151    
14.678   340.17637    
14.691   341.94622    
14.703   340.74538    
14.715   340.30884    
14.727   341.16584    
14.739   341.26172    
14.752   339.86370    
14.764   342.96320    
14.776   340.93838    
14.789   342.44901    
14.802   342.44543    
14.815   341.52599    
14.827   341.43222    
14.840   342.83082    
14.852   340.89354    
14.864   341.57088    
14.877   343.35334    
14.889   342.38935    
14.901   342.01736    
14.914   343.20068    
14.926   343.20129    
14.938   342.72783    
14.951   343.55024    
14.963   344.10017    
14.975   343.84913    
14.988   343.50379    
15.000   344.64674    
15.013   344.36267    
15.025   345.50768    
15.038   345.40892    
15.050   345.79038    
15.062   346.16997    
15.074   346.32161    
15.086   346.06530    
15.098   344.99904    
15.111   345.69182    
15.123   346.77959    
15.135   347.41639    
15.147   346.61004    
15.160   346.25210    
15.172   348.75931    
15.184   348.26832    
15.197   348.83367    
15.209   349.52841    
15.222   349.78855    
15.234   349.76621    
15.246   350.02976    
15.258   350.73978    
15.271   350.81062    
15.283   350.94453    
15.295   353.89382    
15.307   353.21467    
15.320   352.44950    
15.332   354.08383    
15.344   355.23636    
15.356   353.93346    
15.369   353.93346    
15.381   356.13617    
15.394   356.99425    
15.407   356.97995    
15.420   356.93216    
15.432   358.88627    
15.445   357.67266    
15.457   357.10699    
15.470   1.02518      
15.483   1.40830      
15.496   0.09926      
15.508   4.68420      
15.520   3.18907      
15.532   3.24008      
15.545   5.54789      
15.557   6.05663      
15.569   5.13292      
15.581   8.46803      
15.593   7.61504      
15.605   7.89439      
15.618   9.13672      
15.630   10.89834     
15.642   11.60026     
15.655   10.96284     
15.667   14.85315     
15.680   12.89301     
15.693   17.92101     
15.705   24.36618     
15.718   20.15734     
15.731   24.66917     
15.743   24.23970     
15.756   22.87966     
15.769   25.01827     
15.781   25.46992     
15.794   25.62119     
15.807   25.35345     
15.819   27.10664     
15.832   27.10221     
15.845   27.57542     
15.857   27.97823     
15.870   29.07375     
15.883   30.18715     
15.895   30.78292     
15.908   27.73949     
15.921   30.55481     
15.934   29.15259     
15.947   29.90377     
15.959   30.41869     
15.972   30.76451     
15.985   30.75521     
15.998   30.42668     
16.010   31.75488     
16.023   31.41465     
16.036   30.09062     
16.049   31.28490     
16.061   31.40284     
16.074   31.03108     
16.086   33.25145     
16.099   30.98273     
16.111   29.76504     
16.124   29.56178     
16.137   31.16339     
16.149   30.94369     
16.161   28.92231     
16.174   30.93572     
16.187   30.17851     
16.200   29.44027     
16.212   30.06341     
16.224   29.96971     
16.236   29.87641     
16.249   29.77567     
16.261   29.47504     
16.273   28.08987     
16.286   28.93598     
16.298   29.80495     
16.311   27.34079     
16.324   26.66894     
16.336   29.18793     
16.349   27.48926     
16.362   27.47035     
16.375   26.95581     
16.388   27.28736     
16.401   26.10884     
16.415   25.95392     
16.428   26.52429     
16.441   24.68393     
16.454   25.21692     
16.467   27.10908     
16.480   25.78665     
16.493   25.51108     
16.506   26.66531     
16.519   25.72770     
16.532   23.69436     
16.545   24.44214     
16.558   24.58555     
16.571   23.69912     
16.584   21.60898     
16.598   22.59156     
16.611   21.63440     
16.624   19.58686     
16.637   21.14846     
16.649   21.04567     
16.662   20.77883     
16.675   19.99280     
16.688   19.33891     
16.700   18.05197     
16.713   16.50514     
16.726   17.88767     
16.739   17.22897     
16.751   15.67763     
16.764   16.54858     
16.777   15.38143     
16.790   13.76908     
16.802   15.18645     
16.815   14.78851     
16.828   14.09020     
16.840   13.75772     
16.853   14.26700     
16.865   13.15075     
16.877   11.75050     
16.890   13.81258     
16.903   12.79261     
16.915   11.14883     
16.928   11.06385     
16.941   10.76485     
16.953   8.90453      
16.966   10.74339     
16.979   10.61966     
16.992   359.08886    
17.004   8.69117      
17.017   7.34056      
17.030   7.65288      
17.043   6.48307      
17.055   5.25846      
17.068   5.52683      
17.081   5.10452      
17.093   4.27151      
17.106   4.42629      
17.119   2.44433      
17.131   1.43100      
17.144   1.22373      
17.156   1.17049      
17.169   0.83685      
17.181   358.01982    
17.193   358.53735    
17.206   357.96681    
17.218   356.94214    
17.231   355.47877    
17.243   353.65755    
17.255   352.84919    
17.268   352.86996    
17.280   351.83349    
17.292   351.36883    
17.305   352.51971    
17.317   350.53134    
17.329   350.04903    
17.342   349.59995    
17.354   349.38034    
17.367   348.10831    
17.379   346.88634    
17.391   348.92234    
17.404   348.92234    
17.416   346.86214    
17.428   345.66456    
17.441   340.78576    
17.453   343.27067    
17.466   343.58945    
17.478   342.40886    
17.491   341.13961    
17.503   341.26800    
17.515   341.12500    
17.528   340.52468    
17.540   339.58737    
17.552   340.56096    
17.565   338.33337    
17.577   338.29704    
17.590   339.69990    
17.602   338.02755    
17.614   338.38430    
17.627   338.02519    
17.639   337.72230    
17.651   335.93389    
17.664   336.95395    
17.676   337.56808    
17.689   337.31869    
17.701   335.62609    
17.714   336.92221    
17.726   336.19599    
17.738   336.28258    
17.751   335.34229    
17.763   334.91538    
17.775   336.72971    
17.788   335.50956    
17.800   334.99069    
17.813   335.60139    
17.825   335.65972    
17.837   335.66420    
17.850   336.57564    
17.862   336.42911    
17.874   335.65430    
17.886   337.13251    
17.899   337.23024    
17.912   336.84074    
17.924   336.02111    
17.936   336.47096    
17.948   335.97166    
17.961   336.48913    
17.973   336.61433    
17.985   336.66945    
17.998   336.28353    
18.010   336.32830    
18.022   338.07822    
18.035   338.07822    
18.047   336.19309    
18.059   336.51391    
18.071   337.44249    
18.084   336.69590    
18.096   337.59951    
18.108   337.35508    
18.120   336.55607    
18.133   336.62309    
18.145   336.87137    
18.158   337.84666    
18.170   337.24742    
18.182   337.25172    
18.194   339.47781    
18.207   339.03445    
18.219   337.86825    
18.231   339.00875    
18.243   339.78516    
18.256   339.36834    
18.268   340.54313    
18.280   339.28312    
18.293   339.02262    
18.305   339.02262    
18.317   340.68800    
18.329   340.29384    
18.341   340.81571    
18.353   340.60694    
18.366   341.23447    
18.378   341.26740    
18.390   340.66489    
18.402   342.21644    
18.414   342.49179    
18.427   343.02068    
18.440   343.91466    
18.452   344.13299    
18.464   342.51557    
18.476   343.79304    
18.488   344.68462    
18.500   344.65580    
18.513   344.25205    
18.525   345.73944    
18.537   346.17052    
18.549   345.82562    
18.561   346.45486    
18.574   347.08072    
18.586   346.95347    
18.598   345.85376    
18.610   347.62234    
18.622   348.06575    
18.634   347.78447    
18.647   347.46913    
18.659   349.34740    
18.671   350.00602    
18.684   348.37897    
18.696   349.52309    
18.708   350.64545    
18.720   350.94131    
18.732   350.87863    
18.744   351.98373    
18.756   352.46340    
18.769   352.46340    
18.781   351.68400    
18.793   352.53058    
18.805   353.27261    
18.817   353.19293    
18.829   354.72220    
18.841   354.32086    
18.854   354.63685    
18.866   355.46750    
18.878   355.62326    
18.890   355.73301    
18.902   355.66534    
18.914   357.83488    
18.926   357.72106    
18.938   358.52566    
18.951   1.18059      
18.963   359.25724    
18.976   0.09892      
18.988   2.52019      
19.001   0.74642      
19.013   0.74432      
19.026   0.84984      
19.038   3.60426      
19.051   3.71555      
19.063   3.03311      
19.076   3.62272      
19.088   5.33566      
19.101   4.94914      
19.113   5.47535      
19.126   6.03808      
19.138   6.98313      
19.151   6.61021      
19.163   7.87732      
19.175   9.28992      
19.187   6.49539      
19.199   10.13656     
19.211   10.36329     
19.224   8.54305      
19.236   11.67912     
19.249   11.92617     
19.261   23.24352     
19.274   20.08831     
19.287   21.20753     
19.300   19.35958     
19.312   21.18858     
19.324   19.88822     
19.337   20.28805     
19.350   23.31985     
19.362   21.03910     
19.375   22.08810     
19.388   22.20652     
19.400   22.26772     
19.413   22.26772     
19.425   22.18381     
19.438   22.58104     
19.450   24.31697     
19.463   23.01931     
19.475   24.60493     
19.487   27.30418     
19.500   27.60722     
19.512   25.02918     
19.525   25.86207     
19.537   25.21879     
19.549   25.27432     
19.562   25.47813     
19.574   26.86321     
19.587   25.98011     
19.599   26.00677     
19.612   26.37033     
19.624   25.93099     
19.636   25.19504     
19.649   25.92097     
19.661   25.73926     
19.674   24.74865     
19.686   23.52971     
19.699   25.81639     
19.711   26.24049     
19.724   25.34298     
19.736   25.58065     
19.748   25.06875     
19.761   23.86337     
19.773   23.86337     
19.786   25.26614     
19.798   24.44955     
19.810   22.81030     
19.823   23.79235     
19.835   22.78640     
19.848   22.67529     
19.860   22.45102     
19.873   22.89560     
19.885   23.50305     
19.897   21.94715     
19.910   21.95521     
19.922   22.65045     
19.934   20.60437     
19.947   21.70482     
19.959   20.94550     
19.971   20.87115     
19.984   20.34145     
19.996   20.82634     
20.009   21.08998     
20.021   18.49954     
20.034   18.13000     
20.046   19.87040     
20.058   17.18000     
20.071   17.92792     
20.083   17.68470     
20.096   15.51459     
20.108   15.38591     
20.121   15.21072     
20.133   15.53118     
20.145   16.56228     
20.158   13.71357     
20.170   13.89651     
20.183   13.81258     
20.195   11.43297     
20.208   11.39279     
20.220   11.32268     
20.233   9.79636      
20.245   10.28713     
20.257   10.43637     
20.270   9.67776      
20.282   9.06326      
20.295   8.07848      
20.307   7.57282      
20.319   6.70858      
20.332   5.94867      
20.344   6.24791      
20.357   4.84582      
20.369   5.41115      
20.381   6.51669      
20.394   5.45381      
20.406   3.71557      
20.419   3.41690      
20.431   2.87687      
20.443   1.06413      
20.456   1.19439      
20.468   1.16181      
20.480   1.38936      
20.493   358.84753    
20.505   359.77231    
20.518   359.97936    
20.530   357.37713    
20.542   357.11271    
20.555   356.66964    
20.567   356.43906    
20.579   355.10032    
20.592   356.15173    
20.604   353.43819    
20.616   354.42521    
20.629   355.08322    
20.641   354.17654    
20.654   352.78599    
20.667   353.26599    
20.679   347.70723    
20.692   346.71970    
20.704   350.24147    
20.717   347.57021    
20.729   347.93041    
20.742   349.17699    
20.754   347.43684    
20.767   345.88525    
20.779   348.22408    
20.792   345.59949    
20.804   345.83106    
20.817   346.33491    
20.830   346.51207    
20.842   346.11840    
20.855   344.26120    
20.867   345.39337    
20.880   345.54776    
20.892   344.70838    
20.905   343.89012    
20.917   343.91819    
20.930   343.48685    
20.943   341.08398    
20.956   344.13299    
20.968   342.82631    
20.981   342.51885    
20.993   341.91755    
21.006   343.22670    
21.019   343.48391    
21.031   341.17687    
21.044   341.64935    
21.056   342.69175    
21.069   342.07506    
21.082   342.64387    
21.094   343.27991    
21.107   343.06583    
21.119   342.09375    
21.132   343.57763    
21.145   343.71565    
21.157   344.10058    
21.170   343.07025    
21.182   344.45710    
21.194   343.49898    
21.207   342.98745    
21.219   343.66456    
21.232   343.44899    
21.244   344.89863    
21.256   343.46028    
21.269   345.03580    
21.281   344.69367    
21.294   344.20043    
21.306   345.10539    
21.319   344.64326    
21.331   344.94893    
21.343   345.83965    
21.356   345.89473    
21.368   346.37985    
21.381   346.05367    
21.393   346.46795    
21.405   345.89927    
21.418   345.16111    
21.430   346.30307    
21.443   346.90095    
21.455   346.61987    
21.468   346.43143    
21.480   349.45060    
21.493   348.32009    
21.506   347.37402    
21.518   349.43498    
21.531   349.65339    
21.543   347.79710    
21.556   348.98827    
21.568   351.08757    
21.581   348.69370    
21.593   349.47206    
21.606   351.63411    
21.619   351.42447    
21.632   350.99733    
21.644   352.53943    
21.657   352.86054    
21.669   350.76459    
21.682   351.63411    
21.694   354.41811    
21.707   354.02884    
21.719   355.29372    
21.732   355.72175    
21.744   354.25528    
21.757   355.63225    
21.769   357.59160    
21.782   357.52677    
21.794   355.24275    
21.807   356.58661    
21.819   357.46000    
21.832   357.49071    
21.844   357.77059    
21.857   358.09469    
21.870   359.82169    
21.883   356.52405    
21.896   0.05944      
21.909   1.24023      
21.921   359.47526    
21.934   1.66581      
21.946   1.72311      
21.958   2.37076      
21.971   2.21950      
21.983   3.56378      
21.995   4.57154      
22.008   4.51824      
22.020   8.13306      
22.032   6.64827      
22.044   8.58401      
22.057   8.79592      
22.069   7.57190      
22.081   8.74454      
22.094   9.16960      
22.106   9.97544      
22.118   7.85836      
22.131   11.87013     
22.143   11.89191     
22.156   10.85786     
22.169   10.56137     
22.181   10.43637     
22.194   11.40369     
22.206   12.96763     
22.219   20.64793     
22.232   20.49281     
22.244   18.80591     
22.257   20.09891     
22.269   20.89968     
22.282   20.69787     
22.294   21.89819     
22.307   19.48384     
22.319   21.10302     
22.332   22.69183     
22.344   20.42533     
22.357   22.24526     
22.369   22.27714     
22.382   21.23435     
22.394   22.82809     
22.407   24.56775     
22.420   23.27944     
22.432   24.57469     
22.444   24.28435     
22.457   22.22658     
22.469   23.37346     
22.481   24.34594     
22.494   23.29629     
22.506   25.46045     
22.519   24.84462     
22.531   26.50646     
22.543   22.44877     
22.556   23.65780     
22.568   24.49324     
22.580   22.66116     
22.593   23.06421     
22.605   23.59795     
22.617   24.08036     
22.630   25.15037     
22.642   22.48584     
22.655   24.40358     
22.667   23.14441     
22.680   22.31654     
22.692   24.12624     
22.705   22.93686     
22.718   22.56402     
22.730   21.69000     
22.743   22.89194     
22.755   21.69800     
22.768   22.40793     
22.780   23.64968     
22.793   23.14346     
22.806   22.40072     
22.819   22.18975     
22.831   22.12611     
22.844   20.30697     
22.856   21.16591     
22.869   22.22306     
22.881   20.83356     
22.894   20.87324     
22.907   21.85590     
22.919   20.44292     
22.932   19.75509     
22.945   21.59891     
22.957   20.75429     
22.970   20.40039     
22.982   19.64500     
22.995   18.68115     
23.008   18.23075     
23.020   16.87989     
23.033   18.65595     
23.045   18.38488     
23.058   16.63178     
23.070   17.59903     
23.082   17.59903     
23.095   16.26553     
23.107   14.22928     
23.120   16.51164     
23.132   15.91768     
23.144   15.59942     
23.157   14.47382     
23.171   13.15200     
23.184   12.96563     
23.196   12.73198     
23.209   13.11318     
23.222   11.43588     
23.235   10.46024     
23.247   10.47442     
23.260   10.78326     
23.273   10.44090     
23.285   10.37371     
23.298   9.88127      
23.311   7.83336      
23.323   9.09831      
23.336   9.56166      
23.349   7.67921      
23.361   7.71189      
23.374   8.58240      
23.387   6.48401      
23.399   4.66730      
23.412   5.57479      
23.425   2.42991      
23.437   1.87133      
23.450   3.37518      
23.462   1.82187      
23.475   0.31229      
23.488   1.66534      
23.500   0.83124      
23.513   358.97697    
23.526   358.39847    
23.538   359.12353    
23.551   357.28649    
23.564   355.98255    
23.577   358.39380    
23.589   355.49472    
23.602   354.88975    
23.615   356.33790    
23.627   353.98567    
23.640   353.91279    
23.653   353.21972    
23.665   353.91666    
23.678   352.73132    
23.690   351.98435    
23.703   352.04270    
23.715   350.77111    
23.728   346.89350    
23.741   345.41798    
23.753   344.09799    
23.766   347.82962    
23.778   344.34004    
23.791   344.24015    
23.804   344.71422    
23.817   345.96376    
23.829   344.74649    
23.842   343.41997    
23.855   345.79301    
23.867   345.32016    
23.880   344.15497    
23.892   343.43664    
23.905   344.75950    
23.918   342.29312    
23.930   341.35407    
23.943   343.91819    
23.956   343.68739    
23.968   341.22677    
23.981   342.95443    
23.994   343.08912    
24.006   340.02452    
24.019   342.73749    
24.031   342.16605    
24.043   341.27631    
24.056   340.88551    
24.068   340.61610    
24.080   341.45411    
24.093   341.34366    
24.105   340.62097    
24.118   341.50111    
24.130   341.07294    
24.143   340.95177    
24.155   341.36381    
24.167   341.61812    
24.180   341.59433    
24.192   342.52586    
24.205   341.93953    
24.217   340.20997    
24.230   341.31571    
24.242   342.25462    
24.255   342.04187    
24.267   341.75040    
24.280   341.35927    
24.292   342.59864    
24.305   342.23187    
24.317   341.68667    
24.330   342.23362    
24.342   342.11386    
24.354   342.04582    
24.367   343.15203    
24.379   344.08780    
24.392   343.01014    
24.404   341.90032    
24.416   343.69169    
24.429   343.45116    
24.441   342.70926    
24.453   343.76064    
24.466   343.77104    
24.478   342.60130    
24.490   343.42558    
24.503   344.73001    
24.515   343.12029    
24.527   342.24230    
24.540   344.36284    
24.552   345.14536    
24.564   343.51482    
24.576   343.51482    
24.589   344.41597    
24.601   344.89629    
24.613   343.97602    
24.626   343.23680    
24.638   345.61167    
24.650   345.56604    
24.663   345.49373    
24.675   346.44033    
24.688   346.75173    
24.700   347.50247    
24.712   346.63433    
24.725   347.82015    
24.737   346.87584    
24.749   348.41210    
24.761   348.52036    
24.774   348.38201    
24.786   348.37987    
24.799   351.04462    
24.811   350.07560    
24.823   348.37068    
24.836   350.26425    
24.848   350.74810    
24.861   350.09427    
24.874   350.90144    
24.886   352.34684    
24.898   352.34684    
24.910   351.10265    
24.923   351.33495    
24.935   352.06318    
24.947   351.38492    
24.960   353.29837    
24.973   355.47677    
24.985   353.00989    
24.997   354.49476    
25.010   355.30480    
25.022   354.80737    
25.035   354.56435    
25.047   356.34249    
25.060   356.54534    
25.072   353.66200    
25.085   356.69262    
25.097   357.79585    
25.110   357.11234    
25.122   357.99149    
25.134   359.30853    
25.147   358.43260    
25.159   359.08785    
25.172   0.67669      
25.184   0.91034      
25.197   1.05784      
25.209   1.57893      
25.222   2.92072      
25.234   3.26639      
25.247   5.29691      
25.259   5.29691      
25.271   6.68677      
25.284   5.39987      
25.296   7.64293      
25.309   7.35035      
25.321   6.89036      
25.334   7.58756      
25.346   9.08945      
25.359   8.66157      
25.371   8.69922      
25.383   11.41424     
25.396   11.54872     
25.408   8.57354      
25.421   11.53672     
25.433   13.05186     
25.445   12.44082     
25.458   19.83856     
25.471   18.79019     
25.483   18.24759     
25.495   20.34037     
25.507   19.71711     
25.519   18.89884     
25.531   19.05422     
25.543   20.87834     
25.556   18.70130     
25.568   18.70130     
25.580   20.82856     
25.592   23.88468     
25.604   20.29845     
25.616   20.48435     
25.629   23.12787     
25.641   22.30145     
25.653   21.33957     
25.666   23.27497     
25.679   22.64105     
25.691   23.05713     
25.704   22.57484     
25.716   24.03703     
25.729   23.35655     
25.741   23.12158     
25.754   26.39858     
25.766   26.38287     
25.779   23.62164     
25.791   24.62891     
25.804   24.85708     
25.816   25.48777     
25.829   25.85295     
25.841   26.31831     
25.855   26.58505     
25.868   24.27567     
25.881   24.80863     
25.893   26.14502     
25.906   22.61297     
25.919   22.69341     
25.931   23.96939     
25.943   22.36163     
25.955   21.73009     
25.967   21.73009     
25.979   23.20164     
25.991   23.02759     
26.004   21.61354     
26.016   22.69341     
26.028   22.74635     
26.040   21.27938     
26.053   21.76244     
26.065   21.36427     
26.077   20.09576     
26.089   20.41638     
26.101   20.22598     
26.114   20.82059     
26.126   20.99285     
26.138   20.07808     
26.151   20.18580     
26.163   17.76295     
26.175   18.25283     
26.188   18.91027     
26.200   17.81583     
26.212   16.52126     
26.225   16.94393     
26.237   18.32691     
26.249   16.22208     
26.262   14.20867     
26.274   15.39587     
26.286   15.91183     
26.299   13.27470     
26.311   13.12521     
26.323   14.47098     
26.335   12.64766     
26.348   12.04110     
26.360   11.72144     
26.372   11.23765     
26.384   10.02136     
26.397   10.01170     
26.409   9.01424      
26.422   8.26996      
26.435   7.63268      
26.447   8.28776      
26.460   6.74723      
26.472   5.33129      
26.484   7.08793      
26.496   5.39382      
26.508   3.57360      
26.520   3.57360      
26.533   3.60053      
26.545   3.38036      
26.557   2.89235      
26.569   3.18223      
26.581   2.84452      
26.593   0.55846      
26.605   1.27159      
26.617   2.25996      
26.629   0.02130      
26.641   359.62881    
26.654   0.19241      
26.667   359.76163    
26.679   359.76778    
26.692   358.55217    
26.704   358.15581    
26.717   355.81561    
26.730   356.69646    
26.743   357.53925    
26.755   354.53310    
26.768   352.58068    
26.781   351.67674    
26.794   350.93266    
26.807   352.26416    
26.820   350.51757    
26.832   349.96719    
26.845   349.50190    
26.858   350.03838    
26.872   347.07433    
26.885   348.12707    
26.897   347.70373    
26.910   346.03000    
26.924   345.46341    
26.936   345.95397    
26.949   345.75271    
26.962   343.81268    
26.974   343.34684    
26.987   340.20179    
26.999   337.97475    
27.011   341.03735    
27.023   341.03735    
27.035   342.25063    
27.048   341.60511    
27.061   340.20182    
27.074   340.11812    
27.087   339.99641    
27.100   340.15056    
27.113   339.59520    
27.126   338.99363    
27.139   339.20865    
27.152   338.76076    
27.165   341.06164    
27.179   338.03290    
27.191   340.17203    
27.204   339.39789    
27.217   338.72275    
27.229   339.14960    
27.242   339.11732    
27.254   337.85911    
27.266   337.80494    
27.279   337.72761    
27.292   338.23044    
27.304   338.07609    
27.316   338.10454    
27.329   338.38554    
27.342   338.12018    
27.354   336.98509    
27.366   338.29371    
27.379   337.94296    
27.391   336.61432    
27.404   337.96059    
27.416   337.74334    
27.428   336.44560    
27.440   336.86970    
27.452   337.10388    
27.464   336.87630    
27.477   337.91858    
27.489   338.46082    
27.501   338.18839    
27.513   337.34177    
27.525   337.30889    
27.538   336.98863    
27.550   336.87704    
27.562   336.86551    
27.574   337.27488    
27.586   337.94091    
27.598   336.51861    
27.610   337.81649    
27.623   338.00562    
27.635   337.61292    
27.647   337.00058    
27.659   337.83678    
27.671   338.22264    
27.683   338.70464    
27.695   338.40055    
27.708   338.45992    
27.720   337.53362    
27.732   338.23623    
27.744   338.23623    
27.756   340.39905    
27.768   339.21652    
27.780   338.71251    
27.792   340.51255    
27.805   340.20747    
27.817   339.50023    
27.829   340.70464    
27.841   339.93111    
27.853   339.33176    
27.865   339.43960    
27.877   341.13787    
27.890   340.62865    
27.902   339.50282    
27.915   340.87090    
27.927   341.00306    
27.940   341.16259    
27.952   341.51308    
27.965   341.73260    
27.977   340.54254    
27.990   341.20940    
28.002   342.36917    
28.015   342.36917    
28.027   343.00335    
28.039   341.46524    
28.051   342.95261    
28.063   343.65487    
28.075   343.22758    
28.087   344.10273    
28.100   344.27894    
28.112   344.71732    
28.124   344.41101    
28.136   345.26321    
28.148   344.88825    
28.160   345.24799    
28.172   345.98183    
28.185   346.65217    
28.197   345.56030    
28.209   347.27738    
28.221   348.17193    
28.233   348.17193    
28.245   347.64234    
28.257   347.64234    
28.270   348.32009    
28.282   347.87556    
28.294   348.14132    
28.307   349.73442    
28.319   349.11739    
28.331   348.94680    
28.343   350.05923    
28.356   350.71053    
28.368   350.26223    
28.380   349.75160    
28.392   350.51238    
28.404   351.00254    
28.416   351.93032    
28.429   351.95502    
28.441   350.32622    
28.454   350.93098    
28.466   352.74434    
28.479   353.59723    
28.491   353.70015    
28.503   352.42985    
28.516   354.54155    
28.528   354.68956    
28.540   353.43159    
28.552   354.90197    
28.565   357.90766    
28.577   354.79656    
28.589   355.64246    
28.602   357.63091    
28.614   357.30047    
28.626   355.30324    
28.639   358.94057    
28.651   358.37849    
28.664   358.81057    
28.676   359.46436    
28.689   0.50542      
28.701   358.58484    
28.713   2.40304      
28.726   2.59690      
28.738   1.30289      
28.750   4.29021      
28.762   4.06463      
28.774   4.06463      
28.787   3.83520      
28.799   4.23873      
28.811   6.34250      
28.823   5.20395      
28.835   5.43310      
28.847   7.64144      
28.859   6.28860      
28.872   4.09477      
28.884   8.54539      
28.896   8.18075      
28.908   7.69777      
28.921   8.32725      
28.933   9.61937      
28.945   10.43863     
28.957   8.81965      
28.969   11.13377     
28.981   12.21374     
28.993   8.55991      
29.006   9.94730      
29.018   12.06440     
29.030   18.91812     
29.042   18.69643     
29.054   19.74298     
29.067   17.22562     
29.079   17.88369     
29.091   18.13657     
29.103   18.09627     
29.115   16.57347     
29.127   19.20669     
29.139   20.16059     
29.152   19.92272     
29.164   19.84447     
29.176   22.05569     
29.188   20.49793     
29.200   19.92612     
29.213   20.44100     
29.225   22.90132     
29.238   22.53420     
29.251   22.81068     
29.264   23.78681     
29.276   23.78681     
29.289   22.32638     
29.301   22.27510     
29.314   23.23801     
29.327   21.14011     
29.339   19.69557     
29.352   21.67521     
29.365   22.15608     
29.377   20.47543     
29.390   20.78825     
29.402   20.97991     
29.414   18.12462     
29.427   18.08212     
29.439   18.49890     
29.451   19.16678     
29.463   18.69320     
29.476   18.27773     
29.489   19.69557     
29.501   17.40893     
29.514   18.07547     
29.526   17.91661     
29.538   15.36284     
29.551   16.60193     
29.563   15.62157     
29.575   17.17631     
29.588   15.49372     
29.600   16.00630     
29.612   15.89160     
29.625   14.64330     
29.637   14.72577     
29.649   15.50966     
29.662   15.21578     
29.674   14.78524     
29.687   13.16620     
29.699   14.13963     
29.712   13.94678     
29.724   12.01857     
29.737   13.42938     
29.750   12.21318     
29.762   11.99967     
29.775   10.85978     
29.788   10.65097     
29.800   9.78788      
29.813   8.51096      
29.826   9.19396      
29.838   7.73220      
29.851   7.16466      
29.863   7.81485      
29.876   6.74006      
29.888   5.16813      
29.900   5.29177      
29.913   5.39477      
29.926   4.42426      
29.939   3.50488      
29.951   3.30017      
29.963   2.16396      
29.975   359.84503    
29.988   1.86719      
30.000   2.40034      
30.012   359.74870    
30.025   0.06837      
30.037   357.70502    
30.050   357.19321    
30.062   357.39353    
30.075   357.39353    
30.087   357.30895    
30.100   356.15852    
30.112   356.72768    
30.125   356.51432    
30.137   354.47843    
30.150   353.80124    
30.162   354.73925    
30.175   351.86110    
30.188   353.20308    
30.201   352.58222    
30.213   351.86091    
30.226   350.32616    
30.238   347.59593    
30.250   345.84706    
30.262   348.63328    
30.275   347.15657    
30.287   344.41273    
30.300   345.21939    
30.312   346.26249    
30.325   344.29248    
30.337   345.49477    
30.349   344.93151    
30.361   342.04215    
30.373   342.69275    
30.385   344.03149    
30.397   343.06855    
30.409   343.06855    
30.421   341.82747    
30.434   341.87780    
30.446   342.85851    
30.458   341.39416    
30.470   341.01219    
30.482   341.03174    
30.494   340.30334    
30.506   340.85563    
30.518   340.03406    
30.530   340.44531    
30.543   339.12653    
30.555   339.69620    
30.567   339.67114    
30.579   340.43347    
30.591   339.62306    
30.603   339.51817    
30.615   340.32203    
30.627   339.66198    
30.639   340.35357    
30.652   340.96294    
30.664   340.15840    
30.677   340.30671    
30.689   340.86022    
30.702   340.47511    
30.714   340.22799    
30.727   340.81128    
30.739   342.13589    
30.751   340.91987    
30.764   340.79154    
30.776   341.91692    
30.789   342.11386    
30.801   340.72720    
30.814   341.91258    
30.826   343.19924    
30.839   341.79911    
30.851   340.84896    
30.864   342.64828    
30.876   343.05468    
30.889   341.48944    
30.901   342.33855    
30.914   343.36599    
30.927   342.42133    
30.939   342.65477    
30.951   344.23842    
30.963   344.23842    
30.975   344.02706    
30.988   342.20961    
31.000   344.14388    
31.012   344.45162    
31.025   343.01018    
31.037   343.90002    
31.050   344.40263    
31.062   343.67078    
31.075   344.35559    
31.087   345.30537    
31.099   345.47575    
31.112   346.53403    
31.124   346.73247    
31.136   346.53925    
31.149   347.19246    
31.161   347.28213    
31.173   348.20556    
31.186   348.21485    
31.198   348.56695    
31.210   349.29143    
31.223   349.79374    
31.235   349.20080    
31.248   351.37709    
31.260   350.02478    
31.273   349.25847    
31.286   350.13503    
31.298   349.98631    
31.311   351.37482    
31.323   350.73257    
31.336   351.11700    
31.349   352.28056    
31.361   352.15387    
31.374   352.02115    
31.386   353.83897    
31.399   352.48807    
31.412   352.46627    
31.424   353.95292    
31.437   354.65164    
31.449   354.19428    
31.462   356.27485    
31.475   356.52859
