3.711   168.74869    
3.723   168.25110    
3.735   167.03394    
3.747   167.41287    
3.759   168.07926    
3.770   168.07926    
3.783   167.46478    
3.795   167.36933    
3.807   168.63063    
3.819   167.80629    
3.831   166.26415    
3.843   167.27376    
3.855   167.91621    
3.867   166.68170    
3.879   166.77213    
3.892   163.03167    
3.904   166.13518    
3.916   164.20994    
3.928   164.60315    
3.940   165.59611    
3.952   164.79601    
3.964   164.08345    
3.976   164.08345    
3.988   163.60524    
4.001   163.01931    
4.013   163.00244    
4.025   162.17079    
4.037   164.09904    
4.049   163.57070    
4.061   162.09638    
4.073   162.21188    
4.085   160.99362    
4.097   160.96437    
4.110   159.23568    
4.122   160.47435    
4.134   160.02486    
4.146   158.44054    
4.158   160.61548    
4.170   158.59140    
4.182   158.59140    
4.194   157.77736    
4.207   157.38568    
4.219   156.70116    
4.231   155.59695    
4.243   156.59660    
4.255   156.76976    
4.268   155.72655    
4.280   155.59134    
4.293   156.13722    
4.305   155.32622    
4.317   153.48401    
4.329   154.05726    
4.341   154.51851    
4.353   152.48524    
4.366   153.83873    
4.378   153.02380    
4.390   153.43495    
4.403   152.53260    
4.415   152.79736    
4.427   145.09911    
4.440   151.93486    
4.452   150.72764    
4.464   150.59833    
4.477   151.06590    
4.489   149.88813    
4.501   148.46731    
4.514   149.03306    
4.526   148.76309    
4.538   147.92455    
4.551   148.55784    
4.563   147.27361    
4.575   146.66172    
4.588   146.65929    
4.600   145.12785    
4.613   145.32444    
4.625   145.17615    
4.637   144.82344    
4.650   145.30372    
4.662   143.64360    
4.675   144.90378    
4.687   142.46590    
4.700   141.83877    
4.712   141.87932    
4.725   140.25483    
4.737   141.33744    
4.750   141.11771    
4.762   140.33182    
4.775   139.87820    
4.787   138.10129    
4.800   139.05755    
4.813   138.30458    
4.825   137.38437    
4.838   136.04990    
4.851   138.52947    
4.864   137.25141    
4.877   136.56674    
4.890   136.66758    
4.903   136.85095    
4.915   135.49250    
4.928   135.19077    
4.941   135.14052    
4.953   134.47484    
4.966   132.89325    
4.979   134.75564    
4.992   133.20808    
5.005   132.73966    
5.017   131.78746    
5.030   132.38295    
5.043   130.45123    
5.056   129.15083    
5.068   128.63038    
5.081   128.02293    
5.094   127.62044    
5.106   128.00669    
5.119   127.13453    
5.131   126.82195    
5.144   127.22129    
5.156   126.15190    
5.169   125.30571    
5.181   123.43553    
5.194   123.98755    
5.207   123.22689    
5.219   123.09725    
5.231   125.30688    
5.244   121.96795    
5.256   122.11733    
5.268   122.20570    
5.281   121.39349    
5.293   121.41494    
5.306   119.53079    
5.318   119.99835    
5.330   118.84737    
5.343   118.63418    
5.355   120.11535    
5.367   120.11535    
5.380   117.70072    
5.392   117.83274    
5.404   118.47532    
5.417   118.04665    
5.429   115.92420    
5.441   115.74345    
5.454   114.88937    
5.466   113.84318    
5.479   114.54938    
5.491   114.29081    
5.503   113.56707    
5.516   113.08571    
5.528   112.74221    
5.541   113.80337    
5.553   112.79776    
5.565   111.61908    
5.578   110.07536    
5.590   109.26738    
5.602   110.62606    
5.615   110.47179    
5.627   110.34713    
5.640   109.54407    
5.652   105.80640    
5.664   106.73092    
5.677   106.54262    
5.689   104.83144    
5.702   104.92888    
5.716   104.99805    
5.728   105.03782    
5.741   104.03156    
5.753   104.18367    
5.765   104.96653    
5.778   101.76908    
5.790   102.83167    
5.803   101.52837    
5.816   100.02732    
5.829   100.90127    
5.841   99.33337     
5.854   98.91570     
5.866   97.69116     
5.879   97.22918     
5.891   97.36515     
5.904   95.59659     
5.917   96.76999     
5.930   94.81312     
5.942   95.50988     
5.954   94.47328     
5.966   93.42752     
5.979   91.35465     
5.991   90.29200     
6.003   91.81429     
6.016   89.42065     
6.028   89.42686     
6.040   88.84889     
6.052   87.10560     
6.065   84.67090     
6.077   85.33490     
6.089   84.45262     
6.102   84.45262     
6.114   84.64219     
6.126   83.08877     
6.138   84.54975     
6.151   80.58879     
6.163   80.20110     
6.177   80.20655     
6.189   78.88053     
6.201   79.96347     
6.214   79.43790     
6.226   77.55637     
6.238   76.72008     
6.251   76.73712     
6.263   72.52327     
6.275   74.51941     
6.288   72.63684     
6.300   70.48736     
6.313   72.00157     
6.325   70.56960     
6.337   69.25423     
6.349   66.60480     
6.361   66.45441     
6.373   64.70459     
6.386   62.87919     
6.398   62.89977     
6.410   64.11871     
6.423   62.60933     
6.435   58.66126     
6.447   60.06311     
6.459   58.52238     
6.472   57.73057     
6.484   56.51237     
6.496   56.43598     
6.508   54.04349     
6.521   55.00990     
6.533   52.53168     
6.545   51.85739     
6.558   51.82857     
6.570   52.34064     
6.582   50.42577     
6.594   48.03896     
6.606   46.96411     
6.619   47.15536     
6.631   45.75275     
6.643   45.95188     
6.655   46.51710     
6.668   46.87972     
6.680   44.63324     
6.693   42.92182     
6.705   42.93896     
6.717   40.42290     
6.729   40.34150     
6.742   41.51478     
6.754   39.91075     
6.766   36.65485     
6.778   36.29497     
6.790   35.81740     
6.802   33.30052     
6.814   32.73523     
6.827   32.58551     
6.839   31.10681     
6.851   29.11738     
6.863   29.73653     
6.875   29.09538     
6.888   27.72420     
6.900   26.24943     
6.913   25.57302     
6.925   25.76586     
6.938   23.33998     
6.950   23.25554     
6.963   21.94901     
6.975   21.83863     
6.988   19.80323     
7.000   21.16854     
7.013   19.32845     
7.025   18.45586     
7.038   18.11995     
7.050   17.33841     
7.063   14.89850     
7.075   14.11414     
7.088   15.68680     
7.100   14.70340     
7.112   13.16392     
7.125   11.93264     
7.137   10.73815     
7.150   9.09294      
7.162   9.09620      
7.174   8.92696      
7.186   7.30098      
7.199   6.65235      
7.211   6.41620      
7.223   4.85674      
7.236   4.44552      
7.248   4.80974      
7.261   4.80974      
7.273   3.75346      
7.285   1.32683      
7.297   1.30976      
7.310   1.86586      
7.322   0.06385      
7.334   0.95910      
7.347   1.41165      
7.359   358.41571    
7.371   356.89613    
7.384   358.07846    
7.396   355.40014    
7.408   355.21592    
7.421   355.12692    
7.433   354.23527    
7.446   354.87728    
7.458   347.64803    
7.470   350.60414    
7.483   348.76917    
7.495   348.03922    
7.507   347.99044    
7.520   348.54766    
7.532   347.02074    
7.544   348.03922    
7.557   348.03922    
7.569   348.13389    
7.581   345.74623    
7.594   345.52334    
7.606   346.96115    
7.618   345.50479    
7.630   343.51518    
7.643   345.00044    
7.655   340.09504    
7.667   342.74702    
7.681   340.90651    
7.693   340.50890    
7.705   341.66343    
7.717   341.02854    
7.729   339.77775    
7.741   341.45366    
7.753   340.48010    
7.765   338.84036    
7.778   339.36355    
7.790   340.51360    
7.803   338.41366    
7.815   338.08343    
7.827   339.51096    
7.840   339.12853    
7.852   338.41152    
7.864   337.36901    
7.877   339.15586    
7.889   339.11010    
7.901   338.85011    
7.914   338.81738    
7.926   339.33534    
7.938   339.42743    
7.951   339.54557    
7.963   340.97733    
7.976   340.54132    
7.988   340.05594    
8.000   340.63317    
8.013   339.51864    
8.025   339.63963    
8.037   341.09239    
8.050   340.28626    
8.062   339.29096    
8.075   340.03046    
8.087   341.15732    
8.099   340.39091    
8.112   340.82323    
8.124   340.98703    
8.137   340.49972    
8.149   340.97967    
8.162   341.31969    
8.174   343.49379    
8.187   341.83351    
8.199   341.71805    
8.211   342.61355    
8.224   343.66827    
8.236   343.08213    
8.249   342.79903    
8.261   343.67989    
8.275   343.64193    
8.287   344.18316    
8.299   343.38001    
8.312   343.46300    
8.324   344.21622    
8.336   345.93827    
8.349   344.34455    
8.361   343.33901    
8.373   344.82679    
8.386   346.48840    
8.398   344.83088    
8.410   345.00243    
8.422   347.27853    
8.434   346.87635    
8.447   345.99007    
8.459   347.47312    
8.471   347.47312    
8.483   347.56888    
8.495   346.08267    
8.507   347.30501    
8.519   348.51858    
8.532   347.91283    
8.544   348.13666    
8.556   349.19791    
8.568   349.52133    
8.580   348.56846    
8.592   350.51384    
8.604   351.32279    
8.617   350.42988    
8.629   351.13489    
8.641   351.91423    
8.653   351.87783    
8.665   351.98836    
8.677   352.32041    
8.689   352.34523    
8.702   352.48303    
8.714   353.75018    
8.726   352.87498    
8.738   353.35925    
8.750   355.12163    
8.763   355.41041    
8.775   354.72115    
8.787   355.00715    
8.799   356.99614    
8.811   356.93145    
8.824   356.48691    
8.836   358.09738    
8.848   358.67688    
8.860   357.94086    
8.873   358.95457    
8.885   1.05543      
8.898   0.25130      
8.910   359.56336    
8.922   1.07466      
8.935   1.07466      
8.947   2.87783      
8.959   1.94308      
8.972   1.93080      
8.984   5.45319      
8.996   4.50651      
9.009   6.26690      
9.021   5.71059      
9.033   6.33800      
9.045   6.25376      
9.058   8.20110      
9.070   6.75466      
9.082   8.91132      
9.095   10.14988     
9.107   8.97817      
9.120   9.46232      
9.132   12.62083     
9.144   13.26868     
9.156   10.04288     
9.168   12.65381     
9.181   18.66511     
9.193   16.78094     
9.205   16.78094     
9.217   21.58614     
9.229   20.29785     
9.242   18.45601     
9.254   20.83131     
9.267   20.50982     
9.279   18.47069     
9.291   21.15518     
9.303   22.55881     
9.315   20.80108     
9.327   21.76499     
9.339   20.85926     
9.352   21.84721     
9.364   20.83761     
9.376   23.51533     
9.388   23.87428     
9.400   22.01601     
9.413   22.28660     
9.425   22.19818     
9.438   21.72855     
9.450   22.96127     
9.462   22.13376     
9.475   22.89661     
9.488   22.63011     
9.500   20.71949     
9.512   23.21905     
9.524   21.21961     
9.537   20.11047     
9.549   21.49333     
9.561   21.09293     
9.573   21.30706     
9.585   20.24627     
9.597   21.29840     
9.610   20.38673     
9.622   18.82752     
9.634   18.80032     
9.646   18.76219     
9.658   18.13592     
9.671   19.19810     
9.683   19.52545     
9.695   17.04438     
9.707   17.04438     
9.719   17.50220     
9.731   18.68735     
9.744   17.85353     
9.756   16.19532     
9.768   16.79876     
9.780   16.83002     
9.792   16.56339     
9.804   17.01754     
9.817   16.55427     
9.829   15.05032     
9.841   14.06757     
9.853   14.25773     
9.865   13.41560     
9.878   14.14669     
9.890   14.65706     
9.902   13.67982     
9.914   11.30570     
9.926   12.40071     
9.939   12.41918     
9.951   12.53113     
9.963   11.15862     
9.975   12.03593     
9.988   12.97661     
10.000  11.35776     
10.012  10.66210     
10.025  10.40296     
10.037  9.42130      
10.049  8.15155      
10.061  8.37690      
10.073  8.56602      
10.086  7.65680      
10.098  7.33374      
10.110  8.02397      
10.123  6.02346      
10.135  6.48209      
10.147  6.80498      
10.159  5.44527      
10.172  4.77420      
10.184  4.77420      
10.196  5.79557      
10.208  4.88088      
10.221  1.93831      
10.233  3.54755      
10.245  3.40644      
10.257  1.57437      
10.270  2.90756      
10.282  2.35526      
10.294  0.30782      
10.307  1.35675      
10.319  1.34327      
10.331  358.22703    
10.344  357.27665    
10.356  359.04657    
10.369  358.49591    
10.383  357.46195    
10.395  357.71366    
10.408  352.19360    
10.421  352.84666    
10.434  352.74089    
10.446  352.41192    
10.459  352.46565    
10.472  351.38378    
10.484  349.18934    
10.497  351.87267    
10.510  350.95255    
10.523  349.15209    
10.535  349.73062    
10.548  350.45428    
10.560  348.26214    
10.573  349.47922    
10.585  349.39435    
10.598  348.76810    
10.611  346.46961    
10.623  347.55320    
10.636  346.78079    
10.649  346.41549    
10.661  347.80406    
10.674  347.06643    
10.687  345.33908    
10.700  343.38725    
10.713  344.41908    
10.726  344.23009    
10.739  343.55292    
10.752  343.25593    
10.765  344.61626    
10.778  345.28584    
10.791  343.12049    
10.804  343.61561    
10.816  344.44050    
10.828  345.26846    
10.840  343.30416    
10.853  343.68317    
10.865  344.83315    
10.879  343.29366    
10.892  343.79460    
10.904  343.88311    
10.917  342.79060    
10.930  343.12122    
10.943  343.98456    
10.955  344.47791    
10.967  344.26824    
10.979  344.69005    
10.992  345.08134    
11.004  345.01368    
11.016  344.89862    
11.028  345.60338    
11.041  344.70117    
11.053  343.92975    
11.065  345.58913    
11.077  345.91874    
11.090  345.59902    
11.102  346.35726    
11.114  346.90273    
11.127  346.46808    
11.139  346.87999    
11.151  346.83473    
11.163  345.69516    
11.175  345.69516    
11.187  346.84175    
11.200  348.33754    
11.212  347.56204    
11.224  345.62264    
11.236  347.23046    
11.248  348.20000    
11.260  346.63753    
11.273  347.34707    
11.285  348.88763    
11.297  349.10095    
11.309  347.45728    
11.321  348.20437    
11.333  348.52759    
11.345  347.86102    
11.358  348.84458    
11.370  349.88068    
11.382  350.26981    
11.395  350.89141    
11.407  350.82039    
11.419  351.56142    
11.431  350.76874    
11.443  351.73643    
11.455  352.32749    
11.468  352.94982    
11.480  353.99198    
11.492  355.04249    
11.504  354.01813    
11.516  353.74370    
11.528  355.22081    
11.541  356.26135    
11.553  355.78725    
11.565  355.53457    
11.577  356.22793    
11.589  355.52692    
11.601  355.64173    
11.614  357.91222    
11.626  357.91222    
11.638  356.98229    
11.651  356.59401    
11.663  358.55636    
11.675  358.69288    
11.687  357.30047    
11.700  358.12615    
11.712  0.99684      
11.725  1.46111      
11.737  1.55187      
11.749  2.29955      
11.762  1.44296      
11.774  3.73397      
11.786  3.33250      
11.799  3.40942      
11.811  2.77665      
11.823  5.04727      
11.836  3.60114      
11.848  5.02827      
11.861  5.85347      
11.873  6.21743      
11.886  5.92916      
11.898  7.25575      
11.911  9.04692      
11.923  13.29430     
11.935  13.29430     
11.947  16.77331     
11.960  14.98133     
11.972  13.86372     
11.984  17.08176     
11.997  14.91019     
12.009  15.86460     
12.021  17.37811     
12.033  17.36432     
12.046  15.79262     
12.058  18.39960     
12.070  18.37412     
12.083  17.56847     
12.095  17.50674     
12.107  19.73133     
12.120  19.17452     
12.132  18.32117     
12.145  19.88385     
12.157  19.55931     
12.169  19.20328     
12.181  20.54051     
12.193  20.67177     
12.205  20.67177     
12.218  18.75749     
12.230  19.25595     
12.242  20.76868     
12.254  20.91501     
12.266  18.12599     
12.279  19.19439     
12.291  21.12849     
12.304  19.70397     
12.316  18.48441     
12.329  19.80626     
12.341  18.75595     
12.354  17.23930     
12.366  19.02771     
12.379  18.31873     
12.391  16.72441     
12.403  17.11747     
12.416  16.52782     
12.428  17.71994     
12.441  16.21106     
12.453  16.96864     
12.466  16.89732     
12.478  15.26868     
12.490  16.98249     
12.503  16.92479     
12.515  14.94688     
12.528  14.60892     
12.540  14.66426     
12.552  15.26080     
12.565  14.17558     
12.577  13.90839     
12.590  15.18645     
12.602  15.93033     
12.614  13.30612     
12.627  14.62178     
12.639  13.58282     
12.652  11.46737     
12.665  11.32264     
12.678  12.61524     
12.690  10.65960     
12.703  9.99181      
12.715  10.57668     
12.727  10.23773     
12.739  8.28927      
12.752  8.80293      
12.764  8.15670      
12.776  7.35726      
12.788  7.30191      
12.800  7.50817      
12.812  7.18002      
12.824  7.22101      
12.836  7.22101      
12.848  6.12632      
12.861  4.92638      
12.873  2.45763      
12.885  3.75902      
12.897  3.63733      
12.909  2.14865      
12.921  2.23532      
12.933  1.45269      
12.946  359.24075    
12.958  359.48954    
12.970  357.25476    
12.982  356.18172    
12.994  357.16036    
13.006  356.91751    
13.018  355.25326    
13.031  356.49772    
13.043  356.00766    
13.055  356.05551    
13.067  354.19831    
13.079  352.64174    
13.091  353.46337    
13.104  352.84949    
13.116  351.90652    
13.128  352.76916    
13.140  352.12143    
13.153  352.06433    
13.165  350.35075    
13.177  351.24286    
13.189  348.49966    
13.202  349.42350    
13.214  350.03996    
13.226  349.11598    
13.238  348.06107    
13.251  343.21222    
13.263  344.61927    
13.275  345.61563    
13.287  343.10499    
13.300  344.82561    
13.312  343.63649    
13.324  342.74357    
13.337  344.24647    
13.349  342.16633    
13.361  341.49281    
13.373  343.10294    
13.386  341.90421    
13.398  341.00362    
13.411  342.17988    
13.423  341.12359    
13.435  340.35593    
13.447  340.67884    
13.460  339.89377    
13.472  340.04004    
13.484  338.65519    
13.496  338.84545    
13.508  339.85343    
13.521  340.05184    
13.533  339.20316    
13.546  339.96063    
13.559  339.72837    
13.572  339.73714    
13.585  340.05184    
13.597  340.41311    
13.610  339.05174    
13.623  339.60637    
13.637  341.06902    
13.649  340.35324    
13.661  340.45293    
13.673  340.45293    
13.685  341.06195    
13.697  339.54153    
13.710  340.12364    
13.722  341.58177    
13.734  341.58200    
13.746  341.19614    
13.758  341.53706    
13.770  341.20195    
13.782  341.26293    
13.794  341.65019    
13.806  341.47793    
13.818  342.36677    
13.831  341.84200    
13.843  343.79928    
13.855  343.70622    
13.868  342.51776    
13.880  343.22093    
13.893  344.11256    
13.905  344.11256    
13.917  342.93497    
13.929  343.13480    
13.942  345.59283    
13.954  344.07220    
13.966  343.97166    
13.978  345.96376    
13.991  346.07799    
14.003  344.41548    
14.015  345.26688    
14.028  346.62346    
14.040  344.95342    
14.052  346.22840    
14.064  347.77785    
14.077  347.81553    
14.089  346.46478    
14.101  348.09896    
14.114  348.97168    
14.126  348.08600    
14.138  348.81825    
14.151  350.37872    
14.163  349.02776    
14.175  348.95683    
14.187  348.99231    
14.201  350.60520    
14.213  350.42732    
14.226  351.07827    
14.238  352.13198    
14.250  351.86725    
14.262  352.27110    
14.275  353.04934    
14.287  353.69873    
14.299  353.61699    
14.311  355.16342    
14.323  354.75520    
14.335  354.12434    
14.348  354.47308    
14.360  356.82017    
14.372  355.47400    
14.384  355.28742    
14.396  357.09818    
14.408  358.52482    
14.420  357.62903    
14.433  357.30637    
14.445  358.91722    
14.457  1.41180      
14.469  358.99664    
14.481  0.94879      
14.493  2.83723      
14.505  359.69437    
14.518  2.03248      
14.530  3.19767      
14.542  2.26261      
14.554  2.91386      
14.566  4.61972      
14.578  4.96172      
14.590  2.64591      
14.603  6.23197      
14.615  5.64937      
14.627  6.16846      
14.640  7.30954      
14.652  7.02368      
14.664  8.18822      
14.676  11.82931     
14.688  16.26203     
14.701  13.85545     
14.714  16.83336     
14.726  17.20384     
14.738  17.39409     
14.750  16.45802     
14.762  19.35000     
14.774  18.77972     
14.786  17.60625     
14.799  18.81166     
14.811  21.42341     
14.823  19.00122     
14.835  20.36139     
14.847  23.00182     
14.859  21.66186     
14.872  21.03264     
14.884  22.45445     
14.896  23.32359     
14.909  22.55632     
14.921  21.05860     
14.933  22.22481     
14.946  25.02610     
14.958  22.38621     
14.970  21.85590     
14.983  24.96486     
14.995  24.69133     
15.008  23.92447     
15.020  25.50098     
15.032  24.43092     
15.045  24.71387     
15.057  23.10876     
15.070  23.98309     
15.082  23.18409     
15.094  23.46262     
15.106  24.87118     
15.119  24.02427     
15.131  23.23801     
15.143  22.29071     
15.156  24.47989     
15.168  22.57618     
15.180  21.36055     
15.193  31.30173     
15.205  22.98682     
15.218  22.53721     
15.230  21.17258     
15.242  21.98952     
15.255  22.05184     
15.267  21.27589     
15.279  21.65287     
15.292  22.24341     
15.304  20.55605     
15.316  20.52438     
15.329  20.64487     
15.341  19.66607     
15.353  19.67517     
15.366  20.23031     
15.378  20.89584     
15.390  19.26912     
15.403  18.67935     
15.415  19.30643     
15.428  18.01487     
15.440  17.03444     
15.453  18.62810     
15.465  18.07873     
15.477  17.17173     
15.490  18.61103     
15.502  18.61103     
15.514  16.99763     
15.527  15.57150     
15.539  15.97809     
15.551  17.42164     
15.564  14.44787     
15.577  15.37940     
15.589  16.36358     
15.601  15.99611     
15.614  13.06338     
15.626  14.26414     
15.638  12.93524     
15.651  11.06458     
15.663  12.14025     
15.675  12.04061     
15.688  10.35291     
15.700  11.86528     
15.713  12.00552     
15.725  9.64934      
15.738  9.70095      
15.750  10.56137     
15.762  8.92876      
15.775  9.52805      
15.787  10.43860     
15.799  8.42927      
15.811  7.45252      
15.824  7.45252      
15.836  7.62470      
15.849  7.05209      
15.861  6.48307      
15.873  6.17304      
15.886  7.53425      
15.898  6.20886      
15.910  3.61138      
15.923  4.28699      
15.935  4.12870      
15.947  3.35531      
15.960  2.86887      
15.972  4.12249      
15.984  2.32662      
15.997  0.53929      
16.009  1.19262      
16.021  359.34702    
16.034  357.06379    
16.046  359.01513    
16.058  358.80482    
16.071  355.48381    
16.084  356.61771    
16.096  355.73936    
16.109  355.25370    
16.121  354.33995    
16.133  354.58749    
16.146  354.58749    
16.158  352.77882    
16.170  353.61165    
16.183  353.28168    
16.195  351.86119    
16.208  347.12174    
16.220  345.60414    
16.232  347.63359    
16.245  346.97389    
16.257  344.36977    
16.269  344.52109    
16.282  345.66101    
16.294  344.24928    
16.306  343.38840    
16.318  344.61074    
16.330  343.80793    
16.342  341.99412    
16.355  342.94847    
16.367  342.70980    
16.379  340.58481    
16.391  340.69622    
16.403  340.69622    
16.415  343.16818    
16.428  341.61633    
16.440  339.68361    
16.453  342.43733    
16.465  340.77361    
16.478  340.31736    
16.491  340.45953    
16.504  338.46922    
16.517  339.12393    
16.529  338.85951    
16.542  338.50007    
16.554  339.83450    
16.567  337.84021    
16.579  338.44907    
16.592  339.52885    
16.604  338.48412    
16.617  338.16943    
16.629  338.76408    
16.642  338.38998    
16.654  338.99976    
16.667  338.78949    
16.679  338.99280    
16.692  338.29876    
16.704  339.26211    
16.717  338.50732    
16.729  337.71094    
16.742  337.63436    
16.754  339.03885    
16.767  338.89955    
16.779  337.39921    
16.792  337.88541    
16.804  338.02460    
16.816  337.04936    
16.829  337.53312    
16.841  338.40329    
16.853  338.55689    
16.866  337.43235    
16.878  336.58357    
16.891  338.81608    
16.904  338.22754    
16.917  337.59169    
16.929  338.94003    
16.942  338.11659    
16.955  337.39374    
16.967  338.03458    
16.980  338.50109    
16.992  337.84619    
17.004  338.16128    
17.017  340.44266    
17.029  340.01228    
17.041  340.09682    
17.054  340.69120    
17.066  340.38810    
17.078  340.26323    
17.091  341.02959    
17.103  341.17765    
17.115  341.20770    
17.128  341.30020    
17.140  342.83808    
17.152  342.20119    
17.165  341.81244    
17.177  342.68050    
17.189  341.65538    
17.202  341.29465    
17.214  342.28898    
17.227  343.70296    
17.239  343.12469    
17.251  343.12943    
17.264  344.35422    
17.276  345.02712    
17.288  343.11883    
17.301  343.62557    
17.313  345.26099    
17.325  344.53690    
17.338  344.11832    
17.350  345.60434    
17.362  346.45059    
17.375  345.92824    
17.387  345.51739    
17.399  346.50644    
17.412  346.72664    
17.424  346.98151    
17.436  347.66776    
17.449  348.48888    
17.461  348.67913    
17.473  349.09646    
17.486  348.07648    
17.498  348.65052    
17.511  348.59250    
17.523  349.61177    
17.535  351.14522    
17.548  350.83941    
17.560  350.59192    
17.572  352.35411    
17.585  351.93644    
17.597  352.43147    
17.609  354.25573    
17.622  353.57925    
17.634  353.64491    
17.647  355.16019    
17.660  354.63610    
17.672  354.73163    
17.685  355.50713    
17.697  357.65281    
17.710  356.19222    
17.722  357.14715    
17.735  358.10150    
17.747  358.01243    
17.760  359.11405    
17.772  1.35366      
17.785  359.35383    
17.797  0.17075      
17.810  3.00969      
17.822  1.12524      
17.835  0.65061      
17.847  2.52095      
17.860  2.79705      
17.873  2.77022      
17.885  3.47499      
17.898  5.75843      
17.910  3.52052      
17.923  3.52052      
17.935  11.74059     
17.947  8.44109      
17.959  12.62309     
17.971  11.72159     
17.983  9.67384      
17.995  11.13169     
18.007  13.40974     
18.020  10.77718     
18.032  10.61170     
18.044  13.04201     
18.056  14.03624     
18.068  14.36771     
18.080  15.76932     
18.092  16.38585     
18.105  15.12457     
18.117  16.82685     
18.129  18.67817     
18.141  18.31901     
18.153  15.98436     
18.165  17.17008     
18.177  18.45576     
18.190  17.19657     
18.202  17.07822     
18.214  17.48772     
18.226  18.68091     
18.238  20.46499     
18.250  21.15917     
18.263  21.00021     
18.275  20.52541     
18.287  19.00180     
18.299  20.67402     
18.311  20.52039     
18.323  19.89524     
18.336  19.81288     
18.348  19.81288     
18.360  20.34932     
18.372  18.84386     
18.384  18.84675     
18.396  19.48581     
18.408  20.20844     
18.421  18.04153     
18.433  17.91403     
18.446  19.91671     
18.458  18.21947     
18.471  18.84968     
18.483  19.16921     
18.496  17.28825     
18.508  17.58290     
18.521  17.71345     
18.533  18.20903     
18.546  16.36088     
18.558  16.53743     
18.571  18.28773     
18.583  16.41572     
18.596  16.34679     
18.608  16.08369     
18.621  14.74690     
18.633  14.82395     
18.646  14.15213     
18.658  15.22256     
18.671  13.17119     
18.683  14.31355     
18.696  14.27251     
18.708  14.54915     
18.721  13.40974     
18.733  12.36906     
18.745  12.78920     
18.758  11.98694     
18.770  10.55347     
18.782  10.80938     
18.795  10.92168     
18.807  8.57907      
18.819  10.02188     
18.831  9.06783      
18.844  8.40578      
18.856  6.17076      
18.868  7.40525      
18.881  5.61306      
18.893  5.41299      
18.906  5.94953      
18.918  5.54151      
18.930  3.60828      
18.942  4.58466      
18.954  1.76911      
18.966  0.81074      
18.979  0.81074      
18.991  2.61433      
19.003  2.04246      
19.015  0.68206      
19.027  0.38851      
19.039  0.42485      
19.052  358.45470    
19.064  357.21610    
19.076  358.64991    
19.088  357.93600    
19.101  356.20347    
19.114  356.56805    
19.126  355.81766    
19.139  355.89677    
19.152  354.47843    
19.164  355.14194    
19.177  353.69802    
19.189  354.34070    
19.202  354.73074    
19.214  351.26463    
19.227  350.98494    
19.239  352.10380    
19.252  345.65025    
19.264  346.95436    
19.277  345.97263    
19.289  346.17849    
19.302  346.76492    
19.314  346.17162    
19.326  346.17162    
19.339  344.37849    
19.351  346.84496    
19.364  345.26875    
19.376  344.02744    
19.389  344.73044    
19.402  343.82609    
19.415  343.33978    
19.427  342.48974    
19.440  343.55637    
19.453  341.08642    
19.466  341.15383    
19.478  341.27281    
19.491  341.70597    
19.503  340.83060    
19.516  341.23114    
19.529  339.92073    
19.542  341.06454    
19.555  339.90518    
19.567  340.18358    
19.580  340.98297    
19.592  341.02752    
19.604  340.76661    
19.616  340.78530    
19.629  340.02446    
19.641  339.82688    
19.654  340.89748    
19.666  340.56866    
19.679  340.83872    
19.691  341.30554    
19.704  342.44165    
19.717  341.59285    
19.729  341.09796    
19.742  343.12122    
19.754  342.19047    
19.767  341.47011    
19.779  342.85480    
19.792  342.27800    
19.805  342.19204    
19.817  343.28380    
19.829  343.33172    
19.841  342.81694    
19.854  343.16960    
19.866  342.73419    
19.879  343.96266    
19.891  342.99343    
19.904  342.90640    
19.917  344.36542    
19.930  344.38042    
19.942  343.08475    
19.955  342.89862    
19.968  344.84088    
19.980  343.18224    
19.993  343.49627    
20.005  344.16480    
20.018  343.51591    
20.031  343.97591    
20.043  345.14246    
20.056  345.81628    
20.069  344.74325    
20.082  345.97238    
20.095  346.07980    
20.108  345.27740    
20.121  346.45970    
20.134  345.17352    
20.147  345.44944    
20.160  346.35109    
20.173  347.88284    
20.185  346.79207    
20.198  346.57386    
20.211  347.76888    
20.223  347.88762    
20.236  347.15752    
20.249  348.62113    
20.262  349.63846    
20.274  348.66517    
20.287  348.42988    
20.300  351.18527    
20.313  349.51188    
20.326  349.81846    
20.338  351.90904    
20.351  351.07311    
20.364  351.16731    
20.377  351.76245    
20.390  353.46490    
20.402  352.77644    
20.415  353.20491    
20.427  354.24412    
20.439  354.59429    
20.452  353.72118    
20.464  356.82424    
20.477  356.43807    
20.489  355.62270    
20.502  357.46155    
20.515  358.50987    
20.527  356.52881    
20.540  358.35424    
20.553  358.90787    
20.565  358.48636    
20.578  358.89681    
20.591  1.27434      
20.603  0.63251      
20.616  0.21853      
20.629  2.10147      
20.641  3.14089      
20.654  3.44086      
20.667  8.03495      
20.679  8.58821      
20.691  8.58821      
20.703  11.77738     
20.716  10.01930     
20.728  9.49907      
20.740  11.65095     
20.752  12.00928     
20.764  10.46684     
20.777  13.09241     
20.789  14.33182     
20.801  12.68786     
20.813  12.76104     
20.826  15.70605     
20.838  15.44973     
20.850  15.99639     
20.863  17.53988     
20.875  16.71172     
20.887  16.16720     
20.900  17.32579     
20.913  19.01059     
20.925  18.26371     
20.937  17.28849     
20.950  19.58987     
20.962  18.61590     
20.975  18.61590     
20.988  20.65160     
21.001  21.83657     
21.015  21.20593     
21.028  19.94402     
21.041  23.17192     
21.054  22.53746     
21.068  21.34460     
21.081  22.68584     
21.094  22.59323     
21.108  21.74115     
21.121  22.49709     
21.134  23.03165     
21.147  23.53300     
21.160  22.33592     
21.174  22.73193     
21.186  22.46205     
21.199  19.71732     
21.212  20.19506     
21.224  20.18279     
21.236  19.53463     
21.248  21.56785     
21.261  21.63644     
21.273  20.40472     
21.286  20.15005     
21.298  19.29213     
21.311  20.42189     
21.323  19.18738     
21.336  19.15371     
21.348  18.42820     
21.361  19.39156     
21.373  19.81135     
21.385  18.96123     
21.398  19.43645     
21.410  18.58373     
21.423  19.12875     
21.435  19.48066     
21.448  18.34377     
21.461  17.74381     
21.473  18.56559     
21.486  17.97417     
21.498  16.18586     
21.511  16.18026     
21.524  17.88344     
21.536  17.59393     
21.549  16.82972     
21.561  16.20999     
21.574  15.75589     
21.586  14.55774     
21.599  14.84471     
21.612  16.20215     
21.624  14.68736     
21.637  15.29600     
21.649  15.44849     
21.662  13.44773     
21.674  12.03842     
21.687  12.71825     
21.700  13.32235     
21.712  11.12815     
21.725  12.55520     
21.737  13.18661     
21.750  10.50439     
21.762  10.52383     
21.775  10.33328     
21.788  9.73559      
21.800  9.12865      
21.813  8.81009      
21.826  10.29896     
21.838  7.98533      
21.850  8.23344      
21.863  8.37949      
21.875  8.39952      
21.888  7.16182      
21.900  6.53488      
21.913  7.00692      
21.926  6.34731      
21.938  5.26904      
21.950  6.25725      
21.963  5.23853      
21.975  4.52821      
21.987  2.74926      
22.000  2.58349      
22.012  1.13996      
22.024  2.14343      
22.037  2.66636      
22.049  0.38494      
22.061  359.81208    
22.073  359.44634    
22.086  358.62564    
22.098  356.64180    
22.110  357.94734    
22.123  356.70124    
22.135  356.06710    
22.147  357.35127    
22.160  356.80417    
22.172  355.28419    
22.185  355.28419    
22.197  356.23279    
22.209  349.24436    
22.221  351.22329    
22.233  351.87250    
22.245  348.45270    
22.258  350.19740    
22.270  349.97366    
22.282  348.18157    
22.294  348.88830    
22.307  348.45389    
22.320  347.81266    
22.333  347.41386    
22.346  347.46520    
22.359  345.99021    
22.372  345.57379    
22.385  346.66240    
22.397  344.25857    
22.410  344.03709    
22.422  344.73012    
22.434  345.64517    
22.446  343.90368    
22.458  342.90945    
22.471  344.47398    
22.483  343.26267    
22.495  342.31443    
22.507  342.05493    
22.519  341.44831    
22.531  343.04220    
22.544  342.27440    
22.556  341.91957    
22.568  342.26800    
22.580  342.79332    
22.593  342.12184    
22.605  341.06133    
22.617  341.96142    
22.629  341.29919    
22.641  341.09342    
22.653  341.95236    
22.666  341.70765    
22.678  341.84433    
22.690  341.52553    
22.702  341.88395    
22.715  341.07294    
22.727  341.41923    
22.739  342.84653    
22.751  342.84653    
22.763  341.93735    
22.775  342.32820    
22.788  342.66730    
22.800  342.62748    
22.812  342.27763    
22.824  343.73980    
22.837  343.12661    
22.849  342.78793    
22.861  342.63108    
22.873  343.26607    
22.885  342.80956    
22.897  343.43414    
22.910  344.43393    
22.923  344.15783    
22.935  343.43694    
22.948  346.01458    
22.960  344.40519    
22.972  344.53695    
22.985  344.98035    
22.997  345.11884    
23.010  344.09159    
23.022  344.09159    
23.034  345.49741    
23.046  346.53997    
23.058  344.55727    
23.070  345.86023    
23.082  346.52147    
23.094  345.61996    
23.107  345.42997    
23.119  346.57293    
23.131  346.66690    
23.143  345.85916    
23.155  346.76266    
23.167  347.31238    
23.179  347.29922    
23.192  345.98154    
23.204  348.42762    
23.216  347.73599    
23.229  347.44585    
23.242  348.66541    
23.254  349.19466    
23.266  349.09939    
23.279  348.92830    
23.291  348.52246    
23.303  350.26004    
23.316  349.47559    
23.328  349.24203    
23.340  351.26948    
23.353  350.45437    
23.365  350.05810    
23.377  351.92977    
23.390  351.59622    
23.402  351.36495    
23.415  352.63318    
23.427  352.20354    
23.439  353.69445    
23.452  354.48122    
23.464  355.71543    
23.476  355.61729    
23.489  355.75621    
23.501  355.69889    
23.514  356.12115    
23.526  355.57148    
23.539  357.41287    
23.551  358.19226    
23.563  356.93623    
23.576  358.41943    
23.588  358.45936    
23.601  359.35383    
23.613  359.20803    
23.625  359.06798    
23.638  2.04541      
23.650  0.17421      
23.663  1.95427      
23.675  3.68189      
23.688  2.02854      
23.700  2.33537      
23.713  5.53464      
23.725  9.62739      
23.737  9.67578      
23.750  7.94880      
23.762  9.74850      
23.774  11.25742     
23.787  11.35683     
23.800  12.43771     
23.812  13.90959     
23.824  14.18992     
23.837  13.32563     
23.849  14.54442     
23.861  14.19086     
23.873  15.37217     
23.886  18.23848     
23.898  17.74876     
23.910  17.68351     
23.923  18.11402     
23.935  19.70705     
23.948  21.23939     
23.960  20.54580     
23.972  22.02557     
23.985  21.31256     
23.997  22.68086     
24.010  22.94589     
24.022  25.41273     
24.035  30.27022     
24.047  29.95328     
24.060  28.34405     
24.072  30.06138     
24.084  29.45984     
24.097  28.51293     
24.109  31.79351     
24.121  32.42559     
24.134  30.00199     
24.146  31.57297     
24.158  33.04470     
24.172  32.32995     
24.184  31.25678     
24.197  33.20148     
24.209  33.65899     
24.222  33.80863     
24.235  32.67804     
24.248  33.64589     
24.260  31.86953     
24.273  32.75813     
24.286  34.47360     
24.298  34.38323     
24.311  31.50006     
24.324  31.66704     
24.336  32.67464     
24.349  33.69632     
24.361  31.83210     
24.374  32.88608     
24.387  33.94217     
24.399  32.50017     
24.412  33.44522     
24.424  33.73317     
24.437  33.09441     
24.449  31.50612     
24.462  31.86953     
24.474  33.38424     
24.487  31.87912     
24.499  32.69454     
24.511  34.73112     
24.524  32.62871     
24.536  33.48238     
24.549  31.60031     
24.561  31.78050     
24.574  31.68661     
24.586  30.28508     
24.598  32.87719     
24.611  30.78292     
24.623  30.53116     
24.636  31.31584     
24.648  29.70857     
24.661  30.54021     
24.673  29.13841     
24.686  29.40335     
24.698  28.50180     
24.710  27.92091     
24.723  27.80464     
24.735  26.10566     
24.747  26.50428     
24.760  27.45126     
24.772  28.49174     
24.784  26.52458     
24.797  27.67942     
24.809  27.37987     
24.822  25.05054     
24.834  24.69906     
24.846  26.32094     
24.859  24.93782     
24.871  25.24284     
24.883  25.76166     
24.895  24.48285     
24.908  23.94624     
24.920  22.66795     
24.932  22.43919     
24.944  22.78241     
24.957  22.13998     
24.969  23.33853     
24.981  22.39552     
24.994  20.04800     
25.006  20.36431     
25.018  20.35662     
25.031  20.35662     
25.043  17.97884     
25.056  19.15627     
25.068  18.86289     
25.080  19.16678     
25.093  19.43148     
25.105  17.58087     
25.118  17.40114     
25.130  15.31130     
25.143  16.00915     
25.155  16.57989     
25.168  14.68356     
25.180  14.97288     
25.193  14.60712     
25.205  13.12958     
25.218  12.65037     
25.230  12.78685     
25.243  12.99297     
25.255  12.02108     
25.268  12.73792     
25.280  10.51592     
25.293  9.38320      
25.305  9.77877      
25.318  10.48440     
25.330  7.16868      
25.343  6.52167      
25.355  7.18835      
25.368  6.96494      
25.380  6.02168      
25.393  5.93347      
25.405  4.45588      
25.419  2.16472      
25.432  3.04153      
25.444  0.95343      
25.457  0.22902      
25.470  1.32041      
25.482  359.49207    
25.494  359.49026    
25.506  357.28669    
25.518  358.47720    
25.531  358.04422    
25.543  355.93516    
25.555  356.43129    
25.568  356.80034    
25.580  354.66544    
25.592  354.48815    
25.604  355.02940    
25.617  353.06129    
25.629  353.43676    
25.642  351.79317    
25.654  352.36200    
25.666  351.09564    
25.678  349.73658    
25.691  350.30212    
25.703  349.73051    
25.715  347.82740    
25.728  348.84071    
25.740  347.82433    
25.752  347.82433    
25.764  340.88851    
25.777  345.23544    
25.789  339.54049    
25.801  341.16984    
25.814  341.49211    
25.826  340.95572    
25.838  341.13752    
25.851  340.60725    
25.863  339.37268    
25.875  339.00986    
25.888  339.79029    
25.900  339.19055    
25.912  338.09733    
25.924  338.16874    
25.937  339.02867    
25.949  338.18880    
25.962  336.44816    
25.974  338.65289    
25.986  337.25161    
25.999  336.94637    
26.011  337.04149    
26.023  336.73517    
26.036  336.00414    
26.048  335.80564    
26.060  337.34823    
26.073  337.05414    
26.085  336.51835    
26.098  335.52240    
26.110  337.78492    
26.122  337.81306    
26.135  335.65233    
26.147  335.90785    
26.159  336.32614    
26.172  335.92879    
26.184  335.39965    
26.197  336.34374    
26.209  336.98961    
26.222  335.80242    
26.234  336.54128    
26.247  337.15196    
26.259  337.53932    
26.272  338.22152    
26.284  337.30530    
26.297  335.65430    
26.309  336.23916    
26.322  336.78963    
26.335  337.15690    
26.347  337.88755    
26.360  338.28857    
26.372  336.63578    
26.385  336.71618    
26.397  337.36918    
26.410  338.27401    
26.422  335.67639    
26.435  336.70634    
26.447  336.91407    
26.460  338.32277    
26.472  338.60628    
26.484  337.50108    
26.497  338.37194    
26.509  337.82672    
26.521  338.97387    
26.534  339.82235    
26.546  338.17557    
26.558  337.69249    
26.571  338.82742    
26.583  339.78660    
26.595  338.73691    
26.608  338.96625    
26.620  339.48633    
26.632  340.17203    
26.645  338.79253    
26.658  341.03280    
26.671  340.54863    
26.684  340.29783    
26.697  341.31920    
26.710  341.31412    
26.723  340.79243    
26.736  340.59756    
26.749  343.46516    
26.762  342.53309    
26.775  342.94574    
26.788  343.33152    
26.802  343.30421    
26.815  342.59858    
26.828  343.36701    
26.841  344.14063    
26.854  343.99796    
26.867  344.27642    
26.880  345.15777    
26.892  345.14598    
26.905  344.42485    
26.917  346.11277    
26.930  346.18053    
26.943  345.48999    
26.955  346.04201    
26.968  347.73288    
26.980  346.94238    
26.992  348.62883    
27.004  348.55594    
27.016  349.26353    
27.028  349.12431    
27.041  350.85421    
27.053  350.47444    
27.065  350.78848    
27.077  351.55766    
27.089  352.38157    
27.101  352.85153    
27.113  352.32041    
27.126  353.15646    
27.138  354.54257    
27.150  353.61261    
27.163  352.77172    
27.175  354.08286    
27.188  354.45030    
27.200  354.75209    
27.213  355.35280    
27.225  354.97286    
27.238  355.48802    
27.250  356.90754    
27.263  358.20527    
27.275  357.66702    
27.287  359.03730    
27.300  0.25702      
27.312  357.97006    
27.324  359.51577    
27.337  1.37819      
27.349  2.32314      
27.362  2.32314      
27.374  1.13499      
27.387  3.27445      
27.399  4.27117      
27.411  2.05378      
27.424  4.47138      
27.437  5.99530      
27.450  4.60218      
27.463  5.46995      
27.476  7.97360      
27.490  15.30004     
27.503  11.13683     
27.517  14.01511     
27.531  13.80717     
27.544  13.27185     
27.556  14.67120     
27.569  14.98421     
27.582  14.88912     
27.595  16.15754     
27.607  16.69508     
27.620  16.86155     
27.633  18.79405     
27.646  19.65382     
27.659  19.81916     
27.673  18.53969     
27.686  20.32839     
27.699  21.90052     
27.712  18.53893     
27.725  20.06607     
27.738  22.08202     
27.751  21.44774     
27.763  23.72227     
27.777  23.96020     
27.789  28.16979     
27.802  27.33700     
27.815  26.71071     
27.827  26.05481     
27.840  27.97214     
27.852  26.70635     
27.865  27.76583     
27.878  27.72156     
27.890  28.06573     
27.902  28.06573     
27.915  28.32682     
27.927  28.32017     
27.940  28.11563     
27.953  26.28850     
27.965  26.99993     
27.978  26.75911     
27.991  26.28992     
28.003  26.28706     
28.016  26.72061     
28.028  26.40664     
28.041  26.60556     
28.053  28.16745     
28.065  26.62359     
28.078  27.30924     
28.090  26.68137     
28.103  26.09193     
28.115  24.93882     
28.128  25.82682     
28.140  26.74320     
28.152  23.82609     
28.165  25.29805     
28.177  24.80449     
28.190  24.72784     
28.202  24.90766     
28.214  25.84697     
28.227  25.77535     
28.239  23.91118     
28.252  25.30813     
28.264  24.64926     
28.276  22.10821     
28.289  22.10821     
28.301  22.51705     
28.314  23.12062     
28.326  22.72532     
28.339  21.28455     
28.351  21.73069     
28.363  22.26386     
28.376  21.09353     
28.388  21.83005     
28.401  21.38896     
28.413  21.01687     
28.426  20.27287     
28.438  20.67481     
28.450  19.24986     
28.463  17.88332     
28.475  18.65323     
28.487  20.03358     
28.500  19.32012     
28.512  20.12107     
28.524  19.73489     
28.537  18.83771     
28.549  16.71584     
28.562  18.08046     
28.574  17.25226     
28.586  16.15092     
28.599  17.48254     
28.611  17.10435     
28.624  17.07847     
28.636  16.03307     
28.648  15.57551     
28.661  15.36593     
28.673  14.16844     
28.685  14.46424     
28.698  14.98251     
28.710  13.14801     
28.725  13.65225     
28.737  12.59508     
28.750  12.77153     
28.762  12.58832     
28.774  11.75114     
28.786  11.33088     
28.798  9.81685      
28.810  10.64715     
28.822  9.90120      
28.835  9.65489      
28.847  9.87237      
28.859  8.84509      
28.871  8.27859      
28.883  6.27558      
28.896  7.52822      
28.908  7.62540      
28.920  6.63800      
28.933  6.55226      
28.945  6.57698      
28.958  6.24258      
28.971  4.67666      
28.983  3.79271      
28.996  4.93998      
29.009  3.12476      
29.021  2.44153      
29.034  3.15015      
29.046  0.39614      
29.059  359.73493    
29.072  0.88552      
29.084  0.86744      
29.097  358.83876    
29.109  359.05148    
29.122  359.57604    
29.134  356.94241    
29.147  357.23572    
29.159  356.88648    
29.172  355.83223    
29.184  355.40575    
29.197  354.73652    
29.209  352.79686    
29.222  350.61833    
29.234  347.80476    
29.247  350.77777    
29.260  350.36004    
29.273  348.19783    
29.285  347.71940    
29.298  348.24790    
29.311  346.73072    
29.323  346.17219    
29.336  345.63500    
29.348  346.30671    
29.361  344.76172    
29.374  344.87845    
29.386  345.54136    
29.399  345.46748    
29.412  343.30076    
29.424  344.18723    
29.437  343.91974    
29.449  342.32141    
29.462  343.95699    
29.474  343.38107    
29.487  341.57081    
29.500  342.19099    
29.512  344.04815    
29.527  341.10129    
29.540  340.41311    
29.553  341.78808    
29.565  342.03969    
29.578  341.67150    
29.590  341.05325    
29.603  342.06241    
29.615  342.07908    
29.628  341.73982    
29.641  342.02589    
29.653  342.16919    
29.666  341.95351    
29.679  341.12472    
29.691  342.12077    
29.704  342.06720    
29.717  341.32211    
29.729  340.96220    
29.742  342.46643    
29.755  342.07012    
29.767  341.35638    
29.780  341.55955    
29.792  341.97156    
29.805  341.22727    
29.818  342.05804    
29.830  340.95892    
29.843  340.97038    
29.855  340.85422    
29.867  342.68637    
29.880  341.21327    
29.892  341.11748    
29.905  342.96843    
29.917  342.29921    
29.932  341.72244    
29.944  342.94701    
29.957  343.41375    
29.970  341.66206    
29.983  342.00530    
29.995  343.62391    
30.008  343.63346    
30.021  342.62042    
30.034  344.81860    
30.046  344.74962    
30.059  344.33740    
30.072  344.75588    
30.084  345.06266    
30.097  344.69181    
30.109  345.67031    
30.122  346.74174    
30.135  347.07824    
30.147  346.40480    
30.160  347.60753    
30.173  347.79312    
30.185  347.70287    
30.198  348.41199    
30.210  348.25101    
30.223  348.92128    
30.235  349.09646    
30.248  349.46773    
30.260  349.70368    
30.273  350.53161    
30.285  350.61129    
30.298  350.61129    
30.310  350.46292    
30.323  350.78447    
30.335  352.05522    
30.348  351.64807    
30.360  352.02505    
30.373  354.00368    
30.385  353.69507    
30.398  353.60723    
30.410  354.32358    
30.423  355.36505    
30.435  354.80385    
30.448  354.93088    
30.460  356.10925    
30.473  356.61195    
30.485  355.84348    
30.498  356.63688    
30.510  358.09341    
30.523  357.98117    
30.535  0.21379      
30.548  359.63470    
30.560  359.98039    
30.573  1.32715      
30.585  2.43280      
30.598  1.35049      
30.610  2.87031      
30.623  4.21355      
30.635  2.87054      
30.647  3.59151      
30.659  6.05359      
30.672  6.44618      
30.684  6.44618      
30.696  4.91019      
30.709  7.56596      
30.721  9.21046      
30.734  8.29462      
30.746  17.92523     
30.758  16.22843     
30.771  14.48759     
30.783  20.15895     
30.796  16.46495     
30.808  16.48400     
30.820  16.74790     
30.833  17.85068     
30.845  17.77357     
30.858  18.53969     
30.870  20.88472     
30.882  19.21399     
30.895  19.09676     
30.908  21.25509     
30.920  19.81696     
30.933  20.38821     
30.945  21.67142     
30.957  21.37329     
30.969  20.82177     
30.981  22.39797     
30.993  21.74841     
31.005  22.87499     
31.018  22.14967     
31.030  23.57434     
31.042  23.38138     
31.054  23.19567     
31.066  23.67082     
31.079  25.09702     
31.091  24.88639     
31.103  23.58847     
31.116  24.13093     
31.128  24.59577     
31.141  24.20532     
31.154  23.54962     
31.167  24.96851     
31.180  24.58977     
31.194  25.08926     
31.207  24.65422     
31.219  24.24203     
31.232  23.80594     
31.245  24.11400     
31.257  24.55726     
31.270  24.12130     
31.282  24.52873     
31.294  25.28353     
31.307  23.93352     
31.319  21.65840     
31.331  23.51190     
31.344  23.28890     
31.356  21.48812     
31.369  23.12916     
31.381  22.84781     
31.393  21.11285     
31.406  23.76414     
31.418  23.76414     
31.432  22.13046     
31.445  21.69348     
31.457  21.68254     
31.470  22.37655     
31.482  22.56196     
31.494  21.22677     
31.507  22.02744     
31.520  21.95142     
31.532  19.97344     
31.544  19.77192     
31.557  21.74707     
31.569  19.90448     
31.582  19.50789     
31.594  20.97556     
31.607  20.11577     
31.619  18.03181     
31.632  17.93662     
31.644  19.31699     
31.656  18.19946     
31.669  18.23175     
31.681  17.39666     
31.694  17.90412     
31.706  16.31228     
31.718  17.09779     
31.731  16.07393     
31.743  14.82520     
31.755  16.10152     
31.768  15.40257     
31.780  14.23563     
31.792  13.20400     
31.805  14.06888     
31.817  14.06888     
31.829  11.54832     
31.842  12.04572     
31.854  12.65563     
31.866  11.28816     
31.879  12.51177     
31.891  12.24353     
31.904  10.24486     
31.916  8.80586      
31.928  8.64504      
31.940  9.91972      
31.952  8.25104      
31.964  8.68197      
31.977  8.77113      
31.989  7.47760      
32.001  7.35308      
32.014  6.66020      
32.026  6.02820      
32.038  5.42238      
32.050  5.14409      
32.063  5.75308      
32.075  2.92938      
32.087  2.92938      
32.100  4.25653      
32.112  4.60344      
32.124  3.61635      
32.137  1.50744      
32.149  2.82308      
32.161  0.81786      
32.174  359.80121    
32.186  0.42194      
32.198  0.27689      
32.211  359.80643    
32.223  358.41609    
32.235  358.34642    
32.248  356.64233    
32.260  350.90721    
32.273  352.81233    
32.285  350.67611    
32.297  350.64372    
32.309  350.06267    
32.322  349.95327    
32.334  349.12743    
32.347  347.06753    
32.359  348.42958    
32.372  347.40006    
32.384  346.46550    
32.397  346.46550    
32.409  347.40353    
32.421  347.74087    
32.434  346.44268    
32.447  346.36122    
32.459  345.94524    
32.471  344.21854    
32.484  344.02874    
32.496  342.47716    
32.508  343.85656    
32.521  343.83427    
32.533  342.07717    
32.546  342.10962    
32.558  343.74696    
32.571  341.91833    
32.583  341.87783    
32.596  342.32788    
32.608  341.13209    
32.621  340.35117    
32.633  341.23012    
32.645  341.37154    
32.658  340.18986    
32.670  341.00529    
32.682  341.07288    
32.695  340.70995    
32.707  339.83873    
32.719  342.18478    
32.732  342.18478    
32.745  340.00308    
32.758  341.29601    
32.770  341.59323    
32.783  340.52714    
32.795  340.71332    
32.808  339.74920    
32.821  340.95585    
32.833  339.39931    
32.846  340.28456    
32.858  340.59998    
32.871  340.57469    
32.884  340.04983    
32.896  340.58801    
32.909  341.66463    
32.921  340.90651    
32.934  341.26531    
32.947  340.80693    
32.959  340.14195    
32.972  339.40918    
32.985  340.78838    
32.997  341.57075    
33.010  340.16705    
33.022  340.33876    
33.035  340.48523    
33.048  339.95894    
33.060  341.42344    
33.073  340.92890    
33.086  341.36738    
33.098  340.58509    
33.111  341.72020    
33.124  341.00033    
33.137  340.80671    
33.149  343.88540    
33.162  344.13782    
33.174  342.46102    
33.186  343.24406    
33.199  343.52635    
33.211  343.43103    
33.224  344.85840    
33.236  344.42423    
33.249  342.70620    
33.261  343.52942    
33.273  345.46081    
33.286  344.69480    
33.298  344.69480    
33.310  345.32194    
33.323  345.47539    
33.335  345.31687    
33.347  344.78211    
33.360  345.33571    
33.372  346.13731    
33.384  346.35691    
33.397  346.27304    
33.409  348.76120    
33.421  347.48914    
33.434  347.13880    
33.446  347.08749    
33.459  346.92477    
33.471  347.24282    
33.483  348.88306    
33.495  348.85985    
33.508  347.80502    
33.521  347.81385    
33.533  349.48340    
33.546  348.43737    
33.558  348.19511    
33.571  350.33731    
33.583  351.22052    
33.596  350.74221    
33.608  350.66626    
33.621  350.63213    
33.633  350.80498    
33.646  350.49953    
33.658  350.76640    
33.671  351.78381    
33.683  352.50712    
33.696  352.73343    
33.708  354.49660    
33.721  355.55857    
33.733  354.48158    
33.746  355.06486    
33.758  355.08763    
33.771  355.87823    
33.784  356.44305    
33.796  358.17652    
33.809  357.58876    
33.821  359.15863    
33.834  359.04190    
33.846  357.89675    
33.859  359.86103    
33.871  1.37150      
33.884  0.88235      
33.896  359.82206    
33.908  2.18689      
33.921  1.18846      
33.933  2.21824      
33.946  4.07384      
33.958  4.07989      
33.970  3.00527      
33.982  4.13039      
33.995  9.96088      
34.007  10.50663     
34.020  8.52200      
34.033  10.20397     
34.046  10.59776     
34.058  10.77284     
34.071  10.63316     
34.083  10.86637     
34.096  13.22412     
34.108  13.05931     
34.120  12.25254     
34.133  12.76756     
34.145  15.83396     
34.158  13.60649     
34.170  14.27766     
34.182  18.63850     
34.195  16.64832     
34.207  16.65701     
34.219  18.83918     
34.232  18.92642     
34.244  19.18707     
34.257  20.92194     
34.269  20.13496     
34.281  21.48679     
34.294  26.17161     
34.306  25.69330     
34.319  26.48034     
34.331  25.65164     
34.343  24.23195     
34.356  26.42060     
34.368  27.78501     
34.380  24.48322     
34.393  24.48322     
34.405  25.72791     
34.418  26.56505     
34.430  26.36206     
34.442  26.13907     
34.455  27.22810     
34.467  27.35195     
34.479  26.50171     
34.492  25.58368     
34.504  25.83653     
34.517  24.74076     
34.529  25.86067     
34.541  26.27863     
34.554  24.51554     
34.566  25.41384     
34.578  24.75539     
34.591  26.19719     
34.603  23.41780     
34.616  24.58070     
34.628  24.87305     
34.640  23.05799     
34.653  24.55226     
34.665  23.88767     
34.677  23.80717     
34.690  24.68650     
34.702  24.68650     
34.714  24.64037     
34.727  23.67529     
34.739  22.33627     
34.752  23.35175     
34.764  23.13719     
34.776  20.88867     
34.789  23.11058     
34.801  24.22775     
34.813  22.84989     
34.826  21.41823     
34.838  21.13335     
34.850  20.46499     
34.863  19.49439     
34.875  19.90519     
34.887  19.54276     
34.900  19.19657     
34.912  20.05508     
34.924  19.71258     
34.937  17.65986     
34.949  16.97756     
34.961  17.29527     
34.974  16.99319     
34.986  14.28304     
34.999  16.77747     
35.011  16.82090     
35.024  16.58779     
35.036  15.68443     
35.048  15.37306     
35.061  14.94975     
35.073  13.26489     
35.085  13.17392     
35.098  12.70112     
35.110  12.95969     
35.123  12.31076     
35.135  13.23421     
35.147  12.09789     
35.160  11.13239     
35.172  10.69359     
35.185  10.59523     
35.197  10.16802     
35.210  10.34180     
35.222  10.16614     
35.234  9.01831      
35.247  8.34303      
35.259  8.04102      
35.271  8.10269      
35.284  5.09750      
35.296  6.71112      
35.309  5.42295      
35.321  5.67113      
35.334  5.62005      
35.346  6.79299      
35.359  4.76010      
35.371  4.69724      
35.384  2.85607      
35.396  3.85359      
35.409  3.31747      
35.422  0.93173      
35.434  2.14482      
35.447  2.60853      
35.459  1.57319      
35.472  0.61401      
35.484  359.80816    
35.497  357.94273    
35.509  356.89844    
35.522  356.63982    
35.535  355.92880    
35.547  354.92726    
35.560  353.68507    
35.573  353.63500    
35.585  353.29382    
35.598  354.00891    
35.611  352.58008    
35.623  351.28363    
35.636  352.14738    
35.649  350.52434    
35.661  349.33217    
35.674  349.95434    
35.687  350.23300    
35.699  347.87585    
35.712  348.62477    
35.725  343.68503    
35.737  340.81440    
35.750  345.87242    
35.763  342.93529    
35.776  342.90945    
35.788  342.39471    
35.801  343.51801    
35.813  342.20549    
35.826  341.53695    
35.839  342.27408    
35.851  341.38631    
35.864  339.78675    
35.876  340.42496    
35.889  340.32906    
35.901  339.66489    
35.914  339.85244    
35.927  340.01841    
35.939  340.19111    
35.952  338.99280    
35.964  339.86255    
35.977  339.86255    
35.989  338.66784    
36.002  338.88503    
36.015  339.09366    
36.027  338.87019    
36.040  337.81769    
36.053  337.81839    
36.066  338.63573    
36.078  337.72586    
36.091  337.29122    
36.103  338.04623    
36.116  338.20839    
36.129  337.53805    
36.141  338.84987    
36.154  337.22202    
36.167  335.75953    
36.179  337.08767    
36.192  337.34267    
36.205  336.13740    
36.218  336.86938    
36.230  338.23460    
36.243  335.98318
