3.730    156.11400    
3.742    155.53864    
3.754    155.12648    
3.766    155.82198    
3.778    155.78646    
3.790    155.99241    
3.803    154.84070    
3.815    155.33690    
3.827    156.24841    
3.839    154.46487    
3.851    155.08767    
3.864    155.42522    
3.876    153.85967    
3.888    149.63460    
3.901    152.05795    
3.913    154.06076    
3.925    153.95856    
3.937    152.42400    
3.950    152.56580    
3.962    152.01953    
3.974    152.09251    
3.987    151.91135    
3.999    153.37002    
4.012    151.03177    
4.024    151.10217    
4.036    150.86597    
4.049    150.86597    
4.061    150.13512    
4.073    150.89606    
4.085    149.05220    
4.098    150.97161    
4.110    148.57218    
4.122    149.36382    
4.134    149.42216    
4.146    147.36917    
4.159    147.42006    
4.171    148.29498    
4.183    148.19161    
4.195    148.10015    
4.207    147.20080    
4.220    146.45687    
4.232    147.21846    
4.244    144.66551    
4.256    146.65221    
4.268    145.36407    
4.281    144.61497    
4.293    143.82962    
4.305    145.92874    
4.317    144.44791    
4.330    143.52041    
4.342    143.44559    
4.354    143.12289    
4.367    143.58945    
4.379    142.60050    
4.391    142.17459    
4.404    142.25183    
4.416    141.78513    
4.428    141.93384    
4.440    142.51837    
4.453    139.86691    
4.465    141.17395    
4.477    141.77332    
4.490    140.17621    
4.502    140.29963    
4.514    140.66920    
4.526    139.30447    
4.539    139.04969    
4.551    139.33997    
4.563    138.07936    
4.576    138.87368    
4.589    137.28761    
4.601    137.39796    
4.614    136.74109    
4.626    135.92140    
4.639    135.81115    
4.651    135.51616    
4.663    135.19010    
4.675    134.91164    
4.688    135.77772    
4.700    135.11068    
4.712    133.16447    
4.725    134.86449    
4.737    133.80881    
4.749    131.07273    
4.761    131.65741    
4.773    132.56088    
4.785    131.20123    
4.798    130.07752    
4.810    130.52982    
4.822    130.67133    
4.835    130.27895    
4.847    130.27895    
4.859    129.35709    
4.871    129.42937    
4.883    128.77621    
4.896    126.20336    
4.908    128.86650    
4.920    126.12207    
4.932    124.92476    
4.945    124.49605    
4.958    125.17358    
4.970    123.97036    
4.983    123.62860    
4.996    123.08084    
5.008    122.79308    
5.021    123.49809    
5.034    121.86215    
5.046    122.47532    
5.059    120.44894    
5.071    120.04723    
5.084    119.37481    
5.097    118.76446    
5.109    119.82730    
5.121    118.76955    
5.134    118.41188    
5.146    118.26227    
5.159    117.73099    
5.171    116.73674    
5.183    115.45862    
5.196    115.42061    
5.208    115.23416    
5.221    113.88483    
5.233    113.88483    
5.245    113.25109    
5.258    114.54901    
5.270    112.28587    
5.282    113.03203    
5.295    111.41158    
5.307    110.38507    
5.320    110.74741    
5.332    112.09023    
5.345    110.37794    
5.357    108.84280    
5.369    108.64840    
5.382    108.84599    
5.394    108.48938    
5.407    107.96316    
5.419    106.97570    
5.432    105.86551    
5.444    106.85840    
5.456    105.60412    
5.469    105.76111    
5.481    104.57236    
5.493    104.57229    
5.505    103.12953    
5.517    102.81727    
5.530    103.09189    
5.542    103.13078    
5.554    102.41083    
5.566    99.78697     
5.578    99.09496     
5.591    99.89141     
5.604    98.45637     
5.616    98.12729     
5.628    98.95911     
5.641    98.17204     
5.653    95.95543     
5.665    96.01113     
5.677    97.15267     
5.690    94.23342     
5.702    94.33813     
5.714    94.48617     
5.726    93.19459     
5.739    91.30057     
5.751    92.44651     
5.764    91.11803     
5.776    87.92924     
5.788    88.42832     
5.801    87.40612     
5.813    86.82136     
5.826    86.84029     
5.838    86.32921     
5.851    84.83452     
5.865    85.83885     
5.878    82.23769     
5.890    83.43711     
5.903    82.70477     
5.915    82.68606     
5.928    81.33544     
5.941    80.76235     
5.954    80.73863     
5.967    79.71831     
5.979    77.26145     
5.992    77.00375     
6.005    76.59212     
6.018    74.24283     
6.031    73.44123     
6.043    73.92608     
6.056    72.15881     
6.069    71.86738     
6.081    72.98252     
6.094    70.06999     
6.107    71.36225     
6.119    70.55997     
6.132    66.09501     
6.144    68.05038     
6.156    66.28239     
6.169    65.67811     
6.181    66.12575     
6.193    65.33045     
6.206    63.56390     
6.218    63.82988     
6.231    62.46274     
6.243    60.45801     
6.255    61.11342     
6.268    59.52759     
6.280    58.28254     
6.293    57.18105     
6.305    55.48806     
6.317    53.46451     
6.330    53.95604     
6.342    52.95753     
6.355    52.98905     
6.367    51.73849     
6.379    51.73849     
6.391    49.57073     
6.404    49.05432     
6.417    49.44263     
6.429    48.38180     
6.442    48.84644     
6.454    48.67719     
6.466    46.04572     
6.478    44.38155     
6.490    44.14768     
6.502    43.36885     
6.515    43.64963     
6.527    42.14492     
6.539    40.96730     
6.551    40.16255     
6.563    39.85903     
6.576    39.65153     
6.588    40.28608     
6.600    39.41470     
6.612    36.21708     
6.624    35.09829     
6.636    35.02128     
6.649    34.08603     
6.661    34.58018     
6.673    33.47509     
6.685    32.84864     
6.697    30.48730     
6.710    31.14213     
6.722    29.39632     
6.734    28.19798     
6.746    28.17859     
6.758    25.82036     
6.771    24.73144     
6.783    24.70401     
6.795    23.93764     
6.808    22.18381     
6.820    22.89378     
6.833    22.30884     
6.845    20.90494     
6.858    20.87750     
6.870    20.17686     
6.882    19.26348     
6.895    19.26348     
6.907    17.35658     
6.919    17.68589     
6.932    17.63323     
6.944    15.76147     
6.957    15.05245     
6.969    16.02134     
6.981    15.70732     
6.994    14.66507     
7.006    13.62387     
7.019    12.08580     
7.031    11.86021     
7.043    11.89196     
7.056    13.39948     
7.068    11.02918     
7.080    10.18853     
7.093    9.57249      
7.105    8.22543      
7.117    8.93548      
7.130    7.69205      
7.142    5.32288      
7.154    6.29550      
7.167    4.62716      
7.179    2.83554      
7.192    3.32220      
7.204    3.24085      
7.216    3.26172      
7.229    2.13216      
7.241    0.63027      
7.254    1.03609      
7.266    0.39300      
7.278    358.80143    
7.291    359.35742    
7.303    358.32019    
7.315    356.93128    
7.328    356.58919    
7.341    358.48162    
7.353    355.81460    
7.365    354.54738    
7.378    356.18725    
7.391    355.76288    
7.403    354.00891    
7.416    352.93897    
7.428    354.28126    
7.440    350.46974    
7.452    350.61674    
7.465    348.64299    
7.477    348.67074    
7.489    350.31255    
7.501    348.16549    
7.514    348.77008    
7.526    347.56868    
7.538    346.19436    
7.551    346.52233    
7.563    346.02767    
7.575    347.97145    
7.588    347.03973    
7.600    345.30008    
7.613    346.10632    
7.625    345.88208    
7.638    342.97478    
7.650    343.58494    
7.663    344.26574    
7.675    343.56341    
7.688    340.97136    
7.700    343.88311    
7.713    343.37237    
7.725    340.85422    
7.738    342.53627    
7.750    342.28898    
7.763    342.33734    
7.775    341.28495    
7.788    342.27694    
7.800    340.91173    
7.812    341.01399    
7.825    341.97843    
7.837    341.07001    
7.850    339.72259    
7.862    340.29024    
7.875    340.76101    
7.888    340.41373    
7.900    341.01146    
7.912    341.39894    
7.925    339.26405    
7.937    339.60047    
7.950    340.45746    
7.962    341.07109    
7.975    341.06625    
7.987    340.22336    
8.000    341.24231    
8.012    342.39371    
8.025    340.91281    
8.037    340.18061    
8.050    341.06033    
8.062    340.73848    
8.074    340.76434    
8.086    342.02486    
8.099    342.40221    
8.111    340.70995    
8.123    341.33580    
8.136    342.30518    
8.148    341.03064    
8.160    340.99055    
8.173    342.21961    
8.185    342.56279    
8.197    342.28611    
8.209    342.57976    
8.222    342.94574    
8.234    342.94574    
8.246    342.45173    
8.258    343.32155    
8.271    344.74656    
8.283    343.09312    
8.295    344.46256    
8.308    345.70346    
8.320    344.41642    
8.332    345.40123    
8.344    348.26306    
8.357    346.06003    
8.370    346.10336    
8.382    348.17475    
8.394    347.76761    
8.407    347.68720    
8.419    348.40828    
8.432    348.78694    
8.444    347.35972    
8.456    349.46907    
8.469    350.30193    
8.481    349.90275    
8.494    349.99310    
8.507    351.66092    
8.519    352.48073    
8.532    350.97866    
8.544    352.92500    
8.557    353.07813    
8.569    353.18902    
8.582    353.15205    
8.594    353.23537    
8.607    354.33931    
8.620    353.34923    
8.632    353.90469    
8.645    356.45440    
8.657    355.56002    
8.669    356.63011    
8.682    358.28386    
8.694    357.26715    
8.706    355.86183    
8.719    358.62501    
8.731    358.95734    
8.744    357.67425    
8.756    0.13423      
8.769    359.82868    
8.781    0.44945      
8.793    0.83737      
8.806    2.58142      
8.818    1.02735      
8.831    1.66778      
8.843    4.14491      
8.856    2.48530      
8.868    2.48692      
8.881    5.32063      
8.893    6.27570      
8.905    5.12975      
8.918    5.63883      
8.930    7.08060      
8.943    6.34240      
8.956    7.63065      
8.968    8.03031      
8.981    19.47851     
8.993    10.32958     
9.006    11.00691     
9.018    10.90142     
9.031    10.85045     
9.044    14.42940     
9.056    12.96763     
9.069    12.81179     
9.081    13.99532     
9.094    13.37776     
9.107    12.28330     
9.119    14.34982     
9.132    15.55312     
9.144    13.74773     
9.157    13.40704     
9.170    17.65569     
9.182    18.58924     
9.195    15.75589     
9.208    18.44154     
9.221    17.53701     
9.233    17.03513     
9.246    17.22797     
9.258    19.67421     
9.271    16.99763     
9.284    18.09161     
9.296    20.28435     
9.309    19.48396     
9.321    18.80898     
9.334    19.72817     
9.347    20.13496     
9.359    18.13880     
9.373    18.03575     
9.385    21.47514     
9.398    18.26493     
9.410    18.57910     
9.423    19.06309     
9.435    18.68115     
9.448    17.15828     
9.461    18.55492     
9.473    20.97686     
9.486    17.98974     
9.498    18.78400     
9.511    18.12819     
9.523    17.33413     
9.536    16.92842     
9.549    17.23641     
9.561    16.10746     
9.574    13.71167     
9.586    15.90233     
9.599    16.00163     
9.611    15.45647     
9.624    12.33259     
9.637    13.06708     
9.649    15.02925     
9.661    15.24185     
9.673    11.84669     
9.686    13.17387     
9.698    12.09175     
9.710    10.78528     
9.722    11.73665     
9.735    11.43620     
9.747    9.41252      
9.759    10.94787     
9.771    11.00125     
9.784    8.72526      
9.796    9.06650      
9.808    8.92939      
9.820    9.55773      
9.833    8.31287      
9.845    7.84683      
9.857    7.51874      
9.870    5.81485      
9.883    7.14563      
9.895    7.27188      
9.907    7.87167      
9.920    4.77773      
9.932    4.55283      
9.944    5.69806      
9.956    5.37445      
9.969    2.50693      
9.981    2.61027      
9.993    1.76084      
10.005   0.22021      
10.018   1.30195      
10.030   1.95480      
10.042   359.98038    
10.054   0.49087      
10.067   1.14737      
10.079   358.42476    
10.091   357.86612    
10.103   359.61910    
10.116   357.31250    
10.128   356.62994    
10.140   357.42598    
10.153   357.42598    
10.165   356.59173    
10.177   356.55525    
10.190   351.55155    
10.202   352.24339    
10.214   352.02814    
10.226   352.47440    
10.239   351.47854    
10.251   351.93835    
10.263   351.85652    
10.276   349.46039    
10.290   350.58630    
10.302   349.74685    
10.314   348.61926    
10.327   350.24121    
10.339   349.36453    
10.351   347.99953    
10.364   348.48878    
10.377   349.80044    
10.390   348.09719    
10.402   344.86810    
10.414   346.31040    
10.427   347.19734    
10.439   345.65859    
10.451   345.26815    
10.463   346.94351    
10.476   345.90229    
10.488   344.32259    
10.500   344.32259    
10.513   345.96376    
10.525   345.34736    
10.537   345.00492    
10.550   344.31898    
10.562   346.26571    
10.574   343.93262    
10.587   344.52589    
10.599   346.53406    
10.611   344.92188    
10.623   344.01343    
10.635   344.97786    
10.648   345.18176    
10.660   343.62361    
10.672   346.03966    
10.684   345.25918    
10.697   344.08199    
10.709   344.73114    
10.721   345.47629    
10.733   344.74640    
10.745   343.58424    
10.757   342.90648    
10.770   344.88766    
10.782   345.99793    
10.794   344.43870    
10.806   345.21172    
10.818   347.29588    
10.830   344.86331    
10.843   344.97786    
10.855   346.66477    
10.867   345.32120    
10.880   344.68550    
10.892   345.15602    
10.905   347.01191    
10.917   346.30774    
10.930   346.98071    
10.942   347.62056    
10.954   345.47505    
10.967   347.19573    
10.979   348.55768    
10.992   347.02850    
11.004   348.29659    
11.017   348.31855    
11.029   348.45922    
11.041   348.45922    
11.053   348.49381    
11.066   348.74322    
11.078   350.19549    
11.091   348.41626    
11.103   350.09094    
11.115   349.63149    
11.128   349.95136    
11.140   349.29734    
11.152   349.96941    
11.164   351.35282    
11.176   349.21316    
11.189   350.88147    
11.201   352.37626    
11.213   349.84714    
11.225   353.25422    
11.237   352.70715    
11.249   352.40161    
11.262   352.11320    
11.274   354.10878    
11.286   353.13249    
11.298   353.36791    
11.310   352.98150    
11.323   355.20874    
11.335   354.30069    
11.347   353.75230    
11.359   355.34795    
11.372   356.29844    
11.384   353.72008    
11.397   355.03437    
11.409   356.51392    
11.421   356.68359    
11.433   356.69888    
11.445   358.28872    
11.457   356.60313    
11.469   358.33334    
11.482   359.23740    
11.494   358.46601    
11.506   0.13754      
11.518   359.21069    
11.531   359.21069    
11.543   0.09646      
11.555   0.29779      
11.567   0.98977      
11.579   1.67338      
11.592   0.33656      
11.604   1.62151      
11.616   2.26661      
11.628   1.40800      
11.640   1.84825      
11.653   3.46645      
11.665   2.53825      
11.677   1.49902      
11.689   3.93763      
11.701   3.45054      
11.714   7.99114      
11.726   5.08461      
11.738   5.29988      
11.750   5.54120      
11.762   5.54120      
11.775   6.41061      
11.787   7.21502      
11.799   6.95755      
11.811   8.99511      
11.823   7.03262      
11.835   8.13298      
11.847   10.44943     
11.860   8.73222      
11.872   8.27704      
11.884   9.78589      
11.896   9.81539      
11.909   11.38933     
11.921   10.35079     
11.933   12.87923     
11.945   10.36281     
11.958   9.95537      
11.970   12.54042     
11.982   10.51159     
11.995   10.91330     
12.007   11.47410     
12.019   11.85326     
12.032   12.11838     
12.044   10.73527     
12.056   13.38158     
12.069   12.70273     
12.081   12.48395     
12.093   11.50892     
12.105   13.06338     
12.118   10.84942     
12.130   10.69003     
12.143   12.40575     
12.155   13.58364     
12.167   10.27307     
12.179   12.93917     
12.192   12.09476     
12.204   10.96646     
12.216   10.37614     
12.229   11.69726     
12.241   11.23073     
12.253   10.73389     
12.265   10.96415     
12.277   10.96415     
12.290   11.64799     
12.302   10.26065     
12.314   9.74980      
12.327   11.98694     
12.339   9.22882      
12.351   9.99915      
12.363   11.42974     
12.376   9.92523      
12.388   9.04611      
12.400   10.14662     
12.412   10.67190     
12.425   8.03792      
12.437   10.02136     
12.449   10.68679     
12.461   8.34030      
12.473   9.08112      
12.485   8.91938      
12.498   8.57058      
12.510   6.33784      
12.522   6.35198      
12.534   7.49163      
12.547   7.38679      
12.559   5.78949      
12.571   7.52657      
12.584   6.72110      
12.596   5.35450      
12.608   6.42086      
12.621   7.19091      
12.633   4.88538      
12.646   4.28297      
12.659   6.52153      
12.672   4.53745      
12.684   3.88894      
12.697   3.43862      
12.710   4.19636      
12.723   3.05698      
12.735   3.57113      
12.748   3.50807      
12.761   3.89489      
12.773   1.33919      
12.786   3.83409      
12.799   2.51312      
12.811   0.83179      
12.824   1.41670      
12.837   2.16896      
12.849   359.16939    
12.862   359.69063    
12.875   0.18081      
12.889   358.64186    
12.902   358.31889    
12.914   0.25456      
12.927   357.98310    
12.940   357.52164    
12.953   358.91423    
12.966   356.67625    
12.979   356.25936    
12.992   358.26244    
13.004   356.42128    
13.017   355.19077    
13.030   356.37728    
13.043   356.65162    
13.056   354.91996    
13.069   354.62165    
13.081   355.53957    
13.094   353.65764    
13.107   353.75149    
13.120   354.23931    
13.133   353.02165    
13.145   353.13666    
13.157   353.19181    
13.169   353.17637    
13.181   352.34441    
13.194   352.45035    
13.206   352.45035    
13.218   350.72233    
13.230   350.73480    
13.242   350.01657    
13.254   348.17983    
13.266   348.64236    
13.279   349.78228    
13.291   350.29819    
13.303   349.03032    
13.315   350.30804    
13.328   348.89009    
13.340   348.41760    
13.352   348.84349    
13.364   349.57227    
13.376   347.79517    
13.389   348.11413    
13.401   349.11724    
13.413   347.42209    
13.425   347.55114    
13.438   347.73751    
13.450   348.44937    
13.463   345.92941    
13.477   347.42180    
13.490   348.00137    
13.502   347.69040    
13.514   346.40392    
13.526   346.14834    
13.538   347.69292    
13.550   347.15260    
13.562   344.79798    
13.575   347.80670    
13.587   347.22215    
13.599   345.94616    
13.611   347.66861    
13.623   347.98967    
13.635   347.49256    
13.647   347.38772    
13.660   349.39377    
13.672   348.19835    
13.684   347.95340    
13.696   348.15907    
13.709   348.76706    
13.721   346.89721    
13.733   349.63238    
13.745   349.62590    
13.757   350.13969    
13.770   347.50408    
13.782   349.84023    
13.794   348.92585    
13.806   348.38333    
13.818   348.60292    
13.830   350.77375    
13.843   349.38034    
13.855   348.97631    
13.867   350.80421    
13.879   349.95136    
13.891   350.92624    
13.904   350.48797    
13.916   352.68601    
13.928   351.27971    
13.941   351.35645    
13.953   353.21553    
13.965   351.78121    
13.977   351.89904    
13.989   352.01436    
14.001   353.38889    
14.013   353.83339    
14.026   352.24985    
14.038   353.77383    
14.050   353.97026    
14.062   353.73198    
14.074   353.60591    
14.086   355.47808    
14.098   354.48852    
14.111   354.19111    
14.123   356.13200    
14.135   355.65178    
14.147   355.79410    
14.159   356.44244    
14.171   357.96525    
14.184   357.96525    
14.196   356.36085    
14.208   357.43483    
14.220   358.07842    
14.232   358.25120    
14.244   357.47500    
14.257   359.94274    
14.269   358.35402    
14.282   359.90115    
14.294   0.61076      
14.306   359.56015    
14.319   359.03761    
14.331   0.01895      
14.343   2.52670      
14.355   1.06017      
14.368   1.02372      
14.380   2.77212      
14.393   0.93495      
14.405   2.45123      
14.418   3.18610      
14.431   2.15104      
14.443   2.67597      
14.456   3.92752      
14.468   4.80655      
14.481   6.31476      
14.494   5.20380      
14.507   5.99911      
14.519   7.87261      
14.532   7.77634      
14.544   6.57409      
14.557   7.07852      
14.570   8.79544      
14.582   9.23706      
14.595   7.93517      
14.608   8.86668      
14.620   10.55259     
14.633   8.99953      
14.645   9.26792      
14.658   10.73201     
14.670   10.64025     
14.683   8.84499      
14.695   11.31405     
14.707   11.41117     
14.720   10.28814     
14.732   10.62227     
14.744   12.36835     
14.757   11.77323     
14.769   11.22503     
14.782   12.78020     
14.794   13.64984     
14.806   13.10605     
14.819   12.23734     
14.831   13.12474     
14.843   11.95826     
14.856   11.20673     
14.868   13.63119     
14.880   12.53570     
14.893   11.39055     
14.905   12.53114     
14.917   12.38329     
14.930   11.93779     
14.942   9.93952      
14.954   11.96527     
14.967   13.59580     
14.979   11.25703     
14.992   11.62500     
15.004   12.90741     
15.016   10.64799     
15.029   11.26287     
15.041   11.70662     
15.054   10.64461     
15.066   11.32249     
15.078   9.84496      
15.091   10.97307     
15.103   10.38477     
15.115   10.79510     
15.128   11.35426     
15.140   11.01693     
15.153   8.34577      
15.165   9.73060      
15.177   10.49071     
15.190   7.56272      
15.202   9.33189      
15.214   9.61666      
15.227   9.61666      
15.239   7.96876      
15.251   9.63869      
15.264   9.20365      
15.276   9.24178      
15.289   7.17648      
15.301   8.18705      
15.313   7.25209      
15.326   5.71886      
15.338   8.04025      
15.350   6.24061      
15.363   6.28860      
15.375   5.41074      
15.388   5.80233      
15.400   4.51399      
15.412   4.25367      
15.424   6.19439      
15.436   4.00742      
15.448   3.43774      
15.461   4.72846      
15.473   1.62683      
15.485   1.52997      
15.497   1.97845      
15.510   1.98410      
15.522   2.01575      
15.534   0.99688      
15.546   1.52239      
15.559   2.89832      
15.571   0.41318      
15.583   0.80839      
15.595   1.03170      
15.608   359.58682    
15.620   358.36053    
15.632   358.82231    
15.644   358.98125    
15.657   356.35238    
15.669   357.99760    
15.681   354.27037    
15.694   354.18718    
15.706   355.00974    
15.718   353.59023    
15.730   354.51203    
15.743   354.09582    
15.755   353.03552    
15.767   353.25028    
15.780   354.74641    
15.792   355.00419    
15.805   353.49242    
15.817   353.83432    
15.829   352.67466    
15.842   352.63638    
15.854   351.18214    
15.866   352.69183    
15.879   352.47093    
15.892   351.02641    
15.904   351.22458    
15.917   351.76096    
15.930   350.54386    
15.942   351.47282    
15.955   351.25245    
15.968   349.66085    
15.981   349.47020    
15.993   350.56731    
16.006   349.30815    
16.019   348.34326    
16.031   348.65741    
16.044   349.00144    
16.057   348.85498    
16.069   348.09926    
16.082   349.98041    
16.094   348.12696    
16.107   347.98891    
16.120   348.96487    
16.132   348.85489    
16.145   346.52382    
16.157   348.77243    
16.170   349.44309    
16.182   347.59328    
16.195   347.39795    
16.207   349.87028    
16.220   348.85765    
16.232   348.04279    
16.245   348.47159    
16.257   348.65128    
16.269   349.07688    
16.282   347.08662    
16.294   347.31518    
16.306   348.71551    
16.319   347.30407    
16.331   347.98292    
16.344   349.37813    
16.356   349.14431    
16.368   347.32317    
16.381   349.98212    
16.393   348.65090    
16.405   348.84611    
16.418   348.97259    
16.430   349.66333    
16.443   348.42026    
16.455   348.74951    
16.467   350.07555    
16.480   349.81564    
16.492   350.37465    
16.505   350.86527    
16.517   350.65784    
16.529   348.68653    
16.542   351.54250    
16.554   350.34829    
16.567   351.04576    
16.579   351.35905    
16.592   350.36212    
16.604   352.47583    
16.616   350.97695    
16.629   351.98467    
16.641   352.62057    
16.654   352.92552    
16.666   351.68289    
16.678   353.97101    
16.691   353.64568    
16.703   351.36357    
16.716   353.57888    
16.729   354.67713    
16.741   353.14918    
16.754   354.19872    
16.766   355.43858    
16.779   354.89376    
16.791   354.57467    
16.804   356.45946    
16.816   355.92248    
16.829   354.34135    
16.842   355.70228    
16.854   357.32762    
16.867   355.49311    
16.879   357.15453    
16.892   358.09477    
16.904   358.51688    
16.916   357.11470    
16.928   358.92166    
16.940   358.90052    
16.953   358.20527    
16.965   358.20527    
16.978   358.68287    
16.990   1.01100      
17.002   359.55868    
17.015   1.72311      
17.027   1.34354      
17.039   358.77242    
17.052   2.05252      
17.064   2.16365      
17.076   0.41404      
17.089   1.73041      
17.101   2.22224      
17.114   2.09860      
17.126   1.34955      
17.138   3.09563      
17.151   3.37702      
17.163   2.81066      
17.175   3.81001      
17.188   4.44180      
17.200   8.11532      
17.213   6.58033      
17.225   6.57258      
17.238   5.98463      
17.250   8.49597      
17.262   6.20524      
17.275   6.14009      
17.287   6.14009      
17.300   9.66298      
17.312   7.11982      
17.324   7.57356      
17.336   8.64906      
17.348   8.32615      
17.361   8.17947      
17.373   9.09279      
17.385   8.37203      
17.397   7.97203      
17.409   8.67838      
17.422   9.20248      
17.434   9.22479      
17.446   9.96493      
17.458   10.92614     
17.470   9.88630      
17.482   9.05819      
17.495   10.55860     
17.507   13.60649     
17.519   10.74540     
17.531   10.48920     
17.543   11.79274     
17.556   13.98482     
17.568   12.82092     
17.580   11.34644     
17.592   13.85226     
17.604   13.23703     
17.616   10.10001     
17.628   13.22939     
17.641   12.45777     
17.653   12.28194     
17.665   12.21892     
17.677   14.25431     
17.689   10.69925     
17.701   12.22723     
17.713   12.57772     
17.725   12.32596     
17.738   11.84077     
17.750   10.43422     
17.762   12.11535     
17.774   12.72371     
17.786   10.20149     
17.799   11.49261     
17.811   12.75406     
17.823   11.21973     
17.835   10.69324     
17.847   11.99536     
17.859   10.17085     
17.871   9.14188      
17.883   10.76954     
17.899   10.80519     
17.911   9.31096      
17.923   10.05066     
17.935   10.15703     
17.948   9.22729      
17.960   9.01105      
17.973   9.16944      
17.986   8.35975      
17.998   8.03646      
18.011   7.99042      
18.024   8.06291      
18.036   6.76080      
18.049   7.84108      
18.061   6.47772      
18.074   7.14065      
18.086   6.01231      
18.099   5.89552      
18.111   6.89484      
18.124   6.45612      
18.136   4.73595      
18.149   6.48401      
18.162   4.25039      
18.174   5.65628      
18.186   5.13292      
18.199   4.99709      
18.211   4.05339      
18.224   2.70286      
18.236   3.98859      
18.248   0.50901      
18.261   2.56470      
18.273   2.11722      
18.285   1.17605      
18.298   0.31527      
18.310   2.59537      
18.323   359.34849    
18.335   358.43778    
18.348   1.01592      
18.360   359.49387    
18.372   358.54265    
18.385   358.70922    
18.397   358.28519    
18.410   356.78960    
18.423   355.39515    
18.435   354.66711    
18.447   355.86914    
18.459   355.86914    
18.472   355.64068    
18.484   355.22674    
18.496   354.79689    
18.509   353.97422    
18.521   353.19680    
18.533   353.91221    
18.546   354.01172    
18.558   353.54154    
18.570   353.43517    
18.583   353.38737    
18.595   353.24892    
18.607   352.01555    
18.619   353.01330    
18.632   351.86206    
18.645   351.41394    
18.657   352.29961    
18.669   352.26846    
18.682   350.22846    
18.694   351.33750    
18.706   352.20849    
18.719   350.61552    
18.731   350.06247    
18.743   350.22074    
18.756   350.22074    
18.768   351.28208    
18.780   349.64632    
18.793   349.76520    
18.805   350.99372    
18.817   349.95946    
18.830   348.06397    
18.842   350.64988    
18.854   348.69365    
18.867   348.47680    
18.879   348.35172    
18.891   351.13082    
18.904   347.75767    
18.917   350.06580    
18.930   350.34510    
18.943   349.68370    
18.956   348.64506    
18.969   350.61376    
18.983   349.24973    
18.996   349.11447    
19.009   349.04762    
19.022   349.99737    
19.035   348.23023    
19.048   349.45206    
19.061   351.17218    
19.074   350.22190    
19.087   349.06864    
19.100   349.90677    
19.112   350.32499    
19.125   348.78887    
19.139   350.95322    
19.152   350.91484    
19.165   350.33501    
19.177   350.45437    
19.190   351.96066    
19.203   351.49350    
19.216   350.42819    
19.229   352.03762    
19.242   351.71650    
19.255   351.38817    
19.268   352.61396    
19.281   351.75866    
19.294   350.84277    
19.307   351.97698    
19.320   353.10579    
19.333   352.23152    
19.346   353.28693    
19.359   354.57282    
19.372   353.45830    
19.385   353.28270    
19.398   355.19222    
19.411   354.58715    
19.424   353.51356    
19.437   354.38086    
19.450   355.93859    
19.463   353.93603    
19.475   356.23797    
19.488   357.38205    
19.501   355.67447    
19.514   357.21698    
19.527   357.76566    
19.540   357.34366    
19.553   356.92731    
19.566   359.00484    
19.579   358.84799    
19.592   357.19768    
19.605   359.30724    
19.618   358.96555    
19.631   358.29103    
19.644   358.78482    
19.657   0.17611      
19.670   358.30947    
19.683   359.57159    
19.696   0.25439      
19.709   358.22350    
19.723   0.48986      
19.735   0.44280      
19.748   359.94247    
19.761   1.64376      
19.774   1.37627      
19.787   0.80499      
19.800   3.14870      
19.813   3.74639      
19.826   2.70845      
19.839   3.75665      
19.852   3.66085      
19.865   3.37714      
19.878   4.02293      
19.891   5.38591      
19.903   4.35492      
19.916   3.25770      
19.929   5.26187      
19.941   6.97559      
19.954   9.43517      
19.967   9.51021      
19.980   9.59920      
19.992   10.20734     
20.005   9.35671      
20.018   9.27706      
20.030   9.63558      
20.043   10.12027     
20.056   11.32230     
20.068   9.97094      
20.081   9.25931      
20.094   11.53420     
20.106   10.82301     
20.119   11.31415     
20.132   11.96527     
20.145   11.17803     
20.157   9.66209      
20.170   10.50300     
20.183   11.89852     
20.196   10.57966     
20.209   11.13910     
20.222   12.18552     
20.235   11.29781     
20.248   11.04144     
20.261   12.24716     
20.274   14.88863     
20.287   12.53575     
20.300   14.49232     
20.312   14.23697     
20.325   12.91345     
20.337   11.32249     
20.350   14.21390     
20.362   13.90083     
20.375   12.68898     
20.388   13.82462     
20.401   14.85577     
20.414   14.23326     
20.426   12.99947     
20.439   13.45747     
20.452   13.00544     
20.465   12.87441     
20.478   14.81154     
20.491   14.51082     
20.504   13.77809     
20.517   13.50954     
20.529   14.30377     
20.542   13.73037     
20.555   12.17429     
20.568   12.92774     
20.581   14.23571     
20.594   12.16709     
20.607   11.60439     
20.620   13.34628     
20.633   9.43419      
20.646   11.54038     
20.658   11.90437     
20.671   9.05509      
20.683   10.18696     
20.696   10.14838     
20.709   8.92106      
20.721   7.52822      
20.734   9.08428      
20.747   8.27184      
20.759   7.98896      
20.772   7.99114      
20.784   7.49698      
20.797   7.03560      
20.809   5.71059      
20.822   7.57934      
20.834   6.15395      
20.847   5.64135      
20.859   5.29773      
20.872   5.66115      
20.884   5.65257      
20.897   5.39526      
20.909   5.79370      
20.922   2.86029      
20.934   4.32108      
20.947   5.24163      
20.959   1.39767      
20.972   2.86035      
20.984   2.69598      
20.997   2.65782      
21.009   1.65702      
21.022   0.83951      
21.034   2.60256      
21.047   0.46896      
21.059   359.78055    
21.072   0.88412      
21.084   0.34418      
21.097   359.89898    
21.110   359.20029    
21.122   0.34786      
21.135   357.34931    
21.147   358.09868    
21.160   358.91006    
21.172   357.41382    
21.185   357.32439    
21.197   357.70075    
21.210   358.19361    
21.222   355.00335    
21.235   357.16171    
21.247   355.59059    
21.260   354.30518    
21.272   353.77249    
21.284   351.25523    
21.297   354.28585    
21.309   352.18360    
21.322   351.66480    
21.334   352.23137    
21.347   352.05522    
21.359   350.66729    
21.372   350.68151    
21.384   352.06907    
21.397   351.46177    
21.409   350.67391    
21.422   351.04600    
21.434   351.08107    
21.447   350.67722    
21.460   349.41775    
21.472   349.14334    
21.485   350.63883    
21.497   348.23773    
21.510   348.26719    
21.522   348.68649    
21.535   348.86041    
21.548   347.78954    
21.560   348.81333    
21.573   348.44225    
21.585   347.07547    
21.598   347.91263    
21.610   348.59438    
21.623   347.56554    
21.635   347.79441    
21.648   348.72922    
21.661   348.38684    
21.673   346.65157    
21.686   348.94910    
21.698   348.44727    
21.711   347.00939    
21.723   347.85996    
21.736   348.97853    
21.748   347.35000    
21.761   348.65140    
21.774   348.80417    
21.786   347.09332    
21.799   346.42535    
21.812   348.80152    
21.824   348.05446    
21.837   347.39230    
21.849   349.10507    
21.862   349.32075    
21.874   348.70728    
21.887   348.03193    
21.899   350.24534    
21.912   348.35710    
21.924   349.37594    
21.937   349.24203    
21.949   348.89439    
21.962   349.71316    
21.974   348.29560    
21.987   350.42223    
21.999   350.02262    
22.012   348.30755    
22.024   349.82125    
22.037   350.45307    
22.049   350.12120    
22.062   349.56157    
22.075   352.05265    
22.087   349.80439    
22.100   350.66718    
22.112   351.53313    
22.125   352.06962    
22.137   351.35134    
22.150   352.15460    
22.162   352.53058    
22.175   350.75519    
22.187   352.45209    
22.200   353.15357    
22.212   352.30545    
22.225   352.54785    
22.237   353.77383    
22.250   353.42512    
22.262   353.20321    
22.275   355.17991    
22.287   355.67574    
22.300   353.38356    
22.313   355.79784    
22.325   356.39273    
22.338   356.11154    
22.350   355.54607    
22.362   357.24021    
22.375   356.44264    
22.388   356.47536    
22.400   357.13198    
22.413   357.71310    
22.425   357.63267    
22.437   356.47824    
22.450   358.55382    
22.462   358.96283    
22.474   357.28349    
22.487   0.13202      
22.499   0.66576      
22.512   0.17235      
22.524   0.05839      
22.536   1.54455      
22.549   0.36166      
22.561   359.71082    
22.573   1.58354      
22.586   1.54657      
22.598   359.67533    
22.611   2.83769      
22.623   3.13772      
22.636   1.03559      
22.648   3.48071      
22.660   3.04231      
22.673   2.68317      
22.685   6.18057      
22.698   2.89678      
22.710   6.72042      
22.722   7.05685      
22.735   7.61440      
22.747   5.21119      
22.760   5.28176      
22.772   7.71737      
22.785   6.26049      
22.797   7.53708      
22.810   8.71937      
22.822   7.32698      
22.835   8.27924      
22.847   7.56854      
22.860   9.08145      
22.872   8.02617      
22.885   7.79272      
22.897   9.77197      
22.910   8.95664      
22.922   8.60085      
22.934   10.62451     
22.947   8.96100      
22.959   9.92523      
22.972   10.61715     
22.984   9.88412      
22.997   10.37272     
23.009   10.71255     
23.022   10.99206     
23.034   10.08105     
23.047   9.30627      
23.059   12.23486     
23.072   11.02426     
23.084   9.20824      
23.097   10.01901     
23.109   12.04778     
23.122   1.18140      
23.134   8.31418      
23.147   10.44505     
23.159   11.61946     
23.172   9.23342      
23.184   10.13656     
23.197   10.89484     
23.209   10.61706     
23.222   9.29445      
23.234   10.50802     
23.247   10.29190     
23.259   8.92416      
23.271   8.72546      
23.284   10.56832     
23.297   8.89213      
23.310   8.07875      
23.322   10.05938     
23.335   9.92523      
23.347   9.18884      
23.359   8.54977      
23.372   9.03391      
23.384   6.84358      
23.397   8.33112      
23.409   8.92714      
23.422   6.80633      
23.434   7.09377      
23.446   7.31996      
23.459   7.59327      
23.471   7.73692      
23.484   7.16055      
23.496   7.71944      
23.508   5.80776      
23.521   5.80776      
23.533   6.87526      
23.545   6.62928      
23.558   5.95118      
23.570   4.07120      
23.583   5.53852      
23.595   3.76671      
23.608   3.23538      
23.620   4.20051      
23.632   3.79067      
23.645   2.44330      
23.658   2.32598      
23.670   3.17983      
23.682   1.05501      
23.694   1.09852      
23.707   1.83932      
23.719   359.90209    
23.731   359.98070    
23.743   0.49873      
23.755   358.86222    
23.767   359.12517    
23.780   359.70055    
23.792   359.19224    
23.804   359.19224    
23.817   358.13018    
23.829   359.69502    
23.842   359.32117    
23.854   357.28559    
23.867   357.71495    
23.879   359.36851    
23.892   356.26944    
23.904   355.33988    
23.917   358.59954    
23.929   355.73182    
23.942   355.65356    
23.954   356.00407    
23.967   355.18827    
23.979   354.41696    
23.992   355.48705    
24.004   355.42530    
24.017   352.87038    
24.029   352.96796    
24.042   349.83242    
24.054   352.04189    
24.067   353.72382    
24.079   352.53183    
24.092   350.60190    
24.105   351.88293    
24.117   351.35403    
24.130   349.78652    
24.142   350.88417    
24.155   351.46742    
24.167   349.54997    
24.180   350.28692    
24.192   351.47103    
24.205   350.01630    
24.217   348.50876    
24.230   350.42688    
24.243   349.54604    
24.255   340.46935    
24.268   349.26297    
24.280   350.14899    
24.293   350.70314    
24.305   349.35530    
24.318   349.15855    
24.330   350.24701    
24.343   349.42921    
24.355   348.31625    
24.367   349.60151    
24.380   350.26780    
24.393   348.73026    
24.407   350.24646    
24.420   351.26922    
24.433   350.46874    
24.445   350.65831    
24.458   351.53827    
24.470   350.51393    
24.483   350.28971    
24.495   351.78273    
24.508   350.55528    
24.520   349.71606    
24.533   351.11292    
24.545   351.65730    
24.557   350.08105    
24.570   351.35447    
24.582   351.62641    
24.595   351.14322    
24.609   350.96881    
24.621   352.22317    
24.634   351.99872    
24.647   350.68207    
24.659   352.49736    
24.672   352.85662    
24.685   351.93553    
24.697   352.87054    
24.710   352.93008    
24.722   352.86157    
24.734   352.32672    
24.746   354.35517    
24.758   353.94811    
24.771   353.08047    
24.783   353.08047    
24.795   354.77292    
24.807   355.10037    
24.819   353.80538    
24.831   355.14154    
24.843   354.73760    
24.855   354.13198    
24.868   353.89806    
24.880   356.84090    
24.892   356.48591    
24.904   356.16479    
24.916   357.23470    
24.928   357.08948    
24.940   355.89262    
24.952   356.98430    
24.965   358.48753    
24.977   357.41797    
24.989   357.41797    
25.001   357.70712    
25.013   359.63519    
25.025   358.29772    
25.037   359.01557    
25.050   359.86559    
25.062   359.63421    
25.074   358.97143    
25.086   1.88712      
25.098   1.53536      
25.111   0.05509      
25.123   2.08292      
25.135   1.81255      
25.147   0.86340      
25.160   1.88712      
25.172   3.26450      
25.184   3.21397      
25.196   1.78512      
25.208   3.84987      
25.220   3.84987      
25.233   5.02218      
25.245   6.87818      
25.257   5.29376      
25.269   5.73545      
25.281   8.79451      
25.293   7.07398      
25.305   5.89989      
25.317   6.25654      
25.330   7.22063      
25.342   7.04555      
25.354   7.62926      
25.366   8.00599      
25.378   6.99531      
25.390   7.57724      
25.402   9.66116      
25.415   7.96327      
25.427   7.96327      
25.439   8.60748      
25.451   10.57822     
25.463   11.63977     
25.476   9.21924      
25.488   9.86489      
25.500   11.45608     
25.512   9.59920      
25.526   10.37728     
25.538   11.03527     
25.550   11.58329     
25.562   10.46783     
25.574   12.33142     
25.586   12.50885     
25.599   13.16872     
25.611   10.70350     
25.623   13.50636     
25.635   11.20787     
25.647   11.85275     
25.659   12.46964     
25.672   11.48602     
25.684   11.18029     
25.696   10.61198     
25.709   11.69566     
25.721   13.20472     
25.733   10.75591     
25.746   12.16941     
25.758   12.42344     
25.770   12.02042     
25.783   10.48468     
25.795   11.66963     
25.807   12.19420     
25.820   10.58675     
25.832   10.17181     
25.844   11.42016     
25.856   9.66463      
25.869   9.71382      
25.881   10.39025     
25.893   10.38952     
25.906   8.82524      
25.918   9.12576      
25.931   9.96967      
25.943   8.50209      
25.956   9.60293      
25.968   10.19221     
25.980   9.61468      
25.992   8.15603      
26.004   6.61141      
26.016   9.53615      
26.028   7.04961      
26.041   5.87321      
26.053   7.62666      
26.065   7.11487      
26.077   5.93659      
26.089   7.24311      
26.101   6.91546      
26.113   4.85620      
26.126   5.86742      
26.138   6.46221      
26.151   5.29453      
26.164   5.08992      
26.177   5.74797      
26.190   4.39715      
26.202   3.33881      
26.214   3.69750      
26.227   4.41286      
26.240   1.60354      
26.252   2.01130      
26.265   2.66163      
26.278   0.67524      
26.290   1.32984      
26.303   1.30652      
26.315   2.00018      
26.328   2.12183      
26.341   0.34491      
26.353   2.70180      
26.366   0.49053      
26.379   359.93804    
26.391   359.94015    
26.404   0.64617      
26.416   357.89275    
26.429   359.17868    
26.442   359.38158    
26.454   357.22796    
26.467   357.86932    
26.479   357.09783    
26.491   356.20746    
26.504   356.74009    
26.516   356.90647    
26.529   355.05814    
26.541   355.44064    
26.553   356.10299    
26.566   354.63575    
26.578   354.61620    
26.590   355.57949    
26.603   355.55560    
26.615   353.93273    
26.627   353.67922    
26.640   353.75750    
26.652   353.21737    
26.664   352.84697    
26.677   353.77108    
26.689   353.69549    
26.702   353.59369    
26.714   351.54749    
26.726   352.23826    
26.739   353.72044    
26.751   351.68866    
26.763   349.93762    
26.776   350.39662    
26.788   348.92203    
26.800   350.95482    
26.813   349.84444    
26.825   348.71408    
26.837   350.11316    
26.850   349.15565    
26.862   347.87482    
26.874   349.59338    
26.887   349.84023    
26.899   347.81123    
26.912   347.80565    
26.924   348.94827    
26.936   348.11041    
26.949   347.94582    
26.961   348.95775    
26.973   348.49408    
26.985   346.91676    
26.998   346.91676    
27.010   347.43444    
27.022   348.57290    
27.035   347.52885    
27.047   348.89311    
27.059   349.17008    
27.071   348.09969    
27.084   347.29628    
27.096   348.79014    
27.108   348.47712    
27.120   347.28511    
27.132   347.33938    
27.144   348.63843    
27.157   348.68659    
27.169   347.47696    
27.181   349.76188    
27.193   348.72836    
27.205   348.18484    
27.217   348.89633    
27.229   348.89633    
27.242   350.36085    
27.255   348.08344    
27.267   348.98675    
27.280   350.33455    
27.292   348.77672    
27.305   349.42137    
27.318   349.51177    
27.331   348.93136    
27.343   348.08600    
27.356   350.70378    
27.369   349.50786    
27.381   348.64314    
27.394   351.06739    
27.406   351.75446    
27.419   351.06992    
27.432   350.50809    
27.444   352.62944    
27.457   351.38059    
27.470   352.71231    
27.482   352.57096    
27.495   353.87400    
27.507   350.71889    
27.520   353.53529    
27.532   353.93710    
27.545   353.47001    
27.557   353.39265    
27.570   355.83145    
27.582   353.92795    
27.595   354.73140    
27.607   355.12253    
27.620   355.82646    
27.632   354.72176    
27.645   356.04140    
27.658   356.94838    
27.670   355.86914    
27.683   356.36321    
27.695   357.85753    
27.708   357.19930    
27.720   357.05216    
27.733   358.00873    
27.745   359.32117    
27.758   356.64832    
27.770   356.73005    
27.783   0.16996      
27.795   359.11773    
27.808   359.21753    
27.821   359.72078    
27.833   0.64883      
27.846   0.99044      
27.858   359.32800    
27.871   0.85008      
27.883   1.32991      
27.896   359.75353    
27.909   1.45933      
27.921   2.36158      
27.933   0.65106      
27.945   2.49534      
27.958   2.72722      
27.970   1.03277      
27.982   3.80997      
27.994   4.74247      
28.007   5.95872      
28.019   5.76357      
28.031   5.80431      
28.043   5.93921      
28.055   7.12502      
28.068   6.52388      
28.080   7.59326      
28.092   7.59326      
28.105   8.19703      
28.117   6.39578      
28.129   6.87526      
28.141   7.94679      
28.154   9.22889      
28.166   8.79159      
28.178   9.02407      
28.190   9.50263      
28.203   10.74717     
28.215   8.73196      
28.227   10.24384     
28.239   9.06566      
28.251   10.05536     
28.263   10.16283     
28.276   10.99236     
28.288   9.98829      
28.300   12.71160     
28.312   13.32874     
28.324   13.32874     
28.336   12.23391     
28.348   11.16488     
28.360   13.92078     
28.373   12.81373     
28.385   12.74129     
28.397   12.86032     
28.410   14.06663     
28.422   12.04119     
28.434   13.87346     
28.447   14.03624     
28.459   12.78020     
28.471   12.32490     
28.484   13.65860     
28.496   13.53281     
28.508   12.62335     
28.521   13.62890     
28.533   13.17298     
28.545   12.14711     
28.558   12.27082     
28.570   13.30192     
28.582   11.75821     
28.595   11.75821     
28.608   13.16858     
28.620   13.22705     
28.632   12.85625     
28.644   11.63729     
28.656   14.17914     
28.669   12.75018     
28.681   11.48983     
28.693   12.00478     
28.706   12.44496     
28.718   10.16960     
28.730   10.90636     
28.743   11.29745     
28.755   11.19938     
28.767   9.92213      
28.780   9.63716      
28.792   10.90410     
28.804   9.34188      
28.817   8.88575      
28.829   9.95386      
28.842   7.82202      
28.854   7.91498      
28.866   9.97502      
28.879   6.91677      
28.891   5.93921      
28.903   6.16846      
28.916   7.40149      
28.928   7.73674      
28.941   6.10951      
28.953   6.32868      
28.965   6.52978      
28.977   6.02306      
28.990   4.39405      
29.002   5.25125      
29.014   4.36939      
29.027   2.94764      
29.039   4.69441      
29.051   2.48179      
29.064   1.81024      
29.076   4.64358      
29.089   2.03694      
29.101   1.67134      
29.113   1.28755      
29.126   2.45917      
29.138   1.29170      
29.151   0.75546      
29.163   1.91178      
29.175   359.49777    
29.188   358.53480    
29.200   0.30113      
29.213   0.29433      
29.225   357.74927    
29.238   357.63036    
29.250   359.70466    
29.263   358.52262    
29.275   357.46349    
29.288   356.84724    
29.300   357.20587    
29.312   355.98887    
29.325   356.40930    
29.337   356.57028    
29.350   354.43579    
29.362   355.17405    
29.374   356.39352    
29.387   354.39726    
29.399   353.55594    
29.412   354.91821    
29.424   354.44022    
29.436   353.37854    
29.449   353.95522    
29.461   353.89832    
29.473   352.79937    
29.486   351.93262    
29.498   349.52507    
29.510   349.81030    
29.523   351.31862    
29.535   351.21112    
29.547   351.12725    
29.560   348.11420    
29.572   350.90757    
29.584   350.00776    
29.597   349.08437    
29.609   349.18592    
29.621   348.86442    
29.633   348.54645    
29.646   348.76411    
29.658   348.72948    
29.670   348.82902    
29.683   346.87809    
29.695   348.99141    
29.708   347.72123    
29.720   346.85141    
29.733   347.46544    
29.745   348.02868    
29.758   346.09404    
29.770   345.61291    
29.783   347.97838    
29.795   346.92519    
29.808   346.43133    
29.820   348.56572    
29.832   347.18019    
29.844   347.00405    
29.857   346.86598    
29.869   346.74413    
29.882   347.98377    
29.894   346.25885    
29.907   347.66310    
29.919   348.23755    
29.931   347.18309    
29.944   346.81814    
29.956   347.82069    
29.969   347.83092    
29.981   346.41459    
29.993   349.02275    
30.006   348.05108    
30.019   346.65762    
30.031   348.00480    
30.044   349.83758    
30.057   348.66557    
30.069   347.91263    
30.082   350.29521    
30.095   348.88054    
30.107   348.99355    
30.120   349.55525    
30.133   350.59631    
30.145   349.58551    
30.158   350.09948    
30.170   351.11279    
30.183   350.51384    
30.195   350.87750    
30.207   352.45735    
30.220   350.59790    
30.232   350.22068    
30.245   352.84245    
30.257   351.88796    
30.269   351.73025    
30.282   351.73025    
30.294   353.25768    
30.306   353.52743    
30.319   352.07237    
30.331   352.88877    
30.344   354.51598    
30.356   353.02893    
30.369   353.14065    
30.381   355.49678    
30.394   355.69134    
30.406   353.54643    
30.419   355.81186    
30.432   357.38891    
30.444   355.33201    
30.457   356.46182    
30.469   357.32762    
30.482   356.17476    
30.495   356.79314    
30.507   358.89829    
30.520   358.12367    
30.532   358.70769    
30.545   359.44579    
30.557   359.86367    
30.570   357.63883    
30.582   359.86265    
30.595   0.17143      
30.608   358.74710    
30.621   0.79090      
30.634   2.19089      
30.646   0.39867      
30.659   1.37198      
30.671   2.39088      
30.684   2.23395      
30.697   2.17996      
30.710   2.82455      
30.722   4.52982      
30.735   5.53352      
30.747   5.40379      
30.760   6.47351      
30.773   6.98231      
30.785   6.34698      
30.798   6.30623      
30.811   7.01807      
30.824   7.55109      
30.836   7.62078      
30.849   6.98709      
30.862   9.09758      
30.875   8.77274      
30.887   7.91737      
30.900   9.86672      
30.913   9.27135      
30.927   9.38062      
30.939   10.29210     
30.952   10.04332     
30.965   10.45705     
30.977   10.31411     
30.990   19.16177     
31.003   10.66104     
31.016   10.70925     
31.029   18.89478     
31.041   11.24755     
31.053   12.09755     
31.065   9.48279      
31.077   13.44134     
31.089   12.73395     
31.102   11.15093     
31.114   11.83812     
31.126   13.25095     
31.139   10.95471     
31.151   11.61064     
31.163   12.68038     
31.177   12.78599     
31.189   11.22179     
31.203   13.54423     
31.217   13.01821     
31.230   12.10703     
31.244   10.53175     
31.257   13.29225     
31.270   11.74662     
31.283   10.56832     
31.296   12.65884     
31.310   13.24886     
31.323   11.14607     
31.336   12.37924     
31.349   11.98416     
31.363   9.85416      
31.376   11.50463     
31.389   12.03690     
31.402   11.49964     
31.414   10.61207     
31.426   11.49345     
31.439   11.63006     
31.452   9.46935      
31.464   10.52685     
31.477   10.97307     
31.489   10.14230     
31.502   9.44830      
31.515   10.32918     
31.527   8.56887      
31.540   6.56288      
31.552   9.80133      
31.565   7.24417      
31.578   6.07113      
31.590   7.75231      
31.603   7.82603      
31.615   7.48489      
31.628   6.41730      
31.640   8.86927      
31.653   5.54671      
31.665   5.07826      
31.678   6.83701      
31.691   5.29312      
31.704   4.46972      
31.717   5.70650      
31.730   5.27297      
31.743   3.37466      
31.756   3.83430      
31.769   4.79359      
31.781   2.07707      
31.794   2.85012      
31.807   3.03338      
31.820   2.49219      
31.832   2.39105      
31.845   2.50085      
31.858   1.70712      
31.871   0.26301      
31.883   1.78351      
31.896   1.31668      
31.909   359.85808    
31.922   1.11181      
31.934   0.72448      
31.947   359.46913    
31.960   358.94718    
31.972   359.57783    
31.985   359.32117    
31.997   357.96867    
32.010   358.53559    
32.023   358.31764    
32.035   356.58944    
32.048   357.88822    
32.060   356.85817    
32.073   355.38997    
32.086   356.61880    
32.098   356.39206    
32.111   354.76156    
32.123   354.72220    
32.136   355.62617    
32.149   355.05292    
32.162   354.66603    
32.174   354.61032    
32.187   353.52043    
32.200   354.06367    
32.213   353.98998    
32.225   353.67074    
32.238   353.65766    
32.250   350.41635    
32.263   351.91768    
32.275   348.49020    
32.288   349.99095    
32.300   351.67210    
32.313   348.25132    
32.325   348.93058    
32.337   350.25233    
32.350   349.43277    
32.362   348.37368    
32.375   349.71746    
32.387   348.74445    
32.399   347.99920
