3.743    167.25770    
3.755    167.14429    
3.767    168.24398    
3.779    168.31252    
3.791    168.55638    
3.804    167.38095    
3.816    167.73284    
3.828    168.05513    
3.840    166.37245    
3.852    167.38753    
3.865    167.77189    
3.877    167.05704    
3.889    163.53767    
3.901    165.32278    
3.914    166.06791    
3.926    166.54920    
3.938    165.65426    
3.950    166.21675    
3.963    166.37762    
3.975    164.63820    
3.987    165.18176    
4.000    166.61971    
4.012    166.61971    
4.025    163.88992    
4.038    163.24696    
4.050    164.77144    
4.063    163.52620    
4.076    161.77005    
4.089    162.39731    
4.102    163.47293    
4.114    161.53754    
4.126    160.36035    
4.138    161.19340    
4.150    160.26373    
4.163    160.10191    
4.175    160.04004    
4.187    159.98870    
4.199    158.75686    
4.211    159.81079    
4.224    158.97131    
4.236    159.54908    
4.248    158.10057    
4.260    158.30437    
4.272    158.11998    
4.285    156.60763    
4.297    157.11268    
4.309    157.20927    
4.321    157.24128    
4.333    157.01079    
4.346    156.50912    
4.358    156.22689    
4.370    155.30644    
4.383    155.68562    
4.395    156.21449    
4.407    153.90107    
4.420    153.88034    
4.432    154.39586    
4.444    153.29442    
4.457    152.84437    
4.469    153.66802    
4.481    153.49606    
4.494    151.71636    
4.507    151.64001    
4.519    152.06192    
4.532    150.93395    
4.545    150.72154    
4.557    151.43383    
4.570    150.03523    
4.583    148.22558    
4.595    148.87161    
4.608    148.21002    
4.620    148.16911    
4.633    147.31133    
4.646    148.14558    
4.658    146.24846    
4.671    145.53009    
4.684    145.32565    
4.696    146.05373    
4.709    143.74890    
4.722    144.66363    
4.735    143.51484    
4.748    141.55596    
4.760    142.88427    
4.773    142.83286    
4.785    143.83968    
4.798    142.85126    
4.811    143.63545    
4.823    142.89016    
4.836    142.36690    
4.848    141.34290    
4.861    142.04577    
4.873    142.31071    
4.886    141.68774    
4.898    141.58904    
4.911    143.19042    
4.923    140.67350    
4.936    139.79928    
4.948    140.34306    
4.961    139.81753    
4.973    139.52633    
4.986    139.49604    
4.998    138.75193    
5.011    137.85324    
5.023    137.15717    
5.036    137.79955    
5.048    136.10709    
5.061    135.18598    
5.073    136.26160    
5.086    135.41424    
5.098    133.65057    
5.111    134.71932    
5.124    134.14895    
5.136    132.94731    
5.149    133.48459    
5.161    130.48899    
5.174    131.70210    
5.186    131.39992    
5.199    130.88696    
5.211    128.98648    
5.223    129.33143    
5.236    128.18596    
5.248    128.18596    
5.260    126.32387    
5.272    127.87037    
5.284    126.79529    
5.296    127.64327    
5.309    126.15980    
5.321    124.75826    
5.333    126.18233    
5.345    125.13679    
5.357    124.10838    
5.370    123.27442    
5.382    123.05135    
5.394    122.38713    
5.406    122.19851    
5.419    121.07186    
5.431    120.83187    
5.443    120.71557    
5.456    120.97910    
5.468    122.01846    
5.480    121.46657    
5.492    119.34906    
5.505    119.30013    
5.517    119.26131    
5.529    117.94454    
5.542    116.68593    
5.554    116.13162    
5.566    115.64495    
5.578    116.27693    
5.591    116.09134    
5.603    114.52200    
5.615    115.19340    
5.628    113.86711    
5.640    115.68731    
5.652    114.24158    
5.664    113.59058    
5.677    109.73326    
5.689    111.14006    
5.701    110.71520    
5.714    110.41395    
5.726    110.08799    
5.739    108.79551    
5.751    106.76107    
5.763    107.02016    
5.776    106.51769    
5.788    104.98588    
5.801    104.90978    
5.813    104.81108    
5.825    104.23234    
5.838    103.35113    
5.850    101.95914    
5.863    101.67326    
5.876    99.97285     
5.888    99.73820     
5.901    98.72328     
5.913    97.96924     
5.926    95.73528     
5.939    95.64845     
5.951    96.08003     
5.963    94.87020     
5.976    95.23505     
5.988    95.25512     
6.000    93.59925     
6.013    94.04821     
6.026    92.67121     
6.039    93.48860     
6.051    92.50094     
6.064    92.50800     
6.077    91.60253     
6.090    89.92067     
6.102    89.47418     
6.115    91.24406     
6.127    88.38133     
6.140    88.03012     
6.152    89.08700     
6.164    86.88271     
6.177    86.87289     
6.189    88.11877     
6.202    87.81990     
6.214    87.81219     
6.226    84.02265     
6.239    85.04090     
6.251    84.14399     
6.263    83.58096     
6.276    83.88523     
6.288    82.56251     
6.301    81.51165     
6.314    80.55448     
6.326    80.34694     
6.339    77.92344     
6.351    77.24757     
6.364    76.75490     
6.377    75.61660     
6.389    74.09850     
6.405    72.93102     
6.418    72.29160     
6.431    71.98000     
6.444    72.48688     
6.458    70.59645     
6.471    69.67686     
6.483    69.60091     
6.495    69.46629     
6.507    69.56372     
6.519    67.76612     
6.531    67.94544     
6.543    67.75898     
6.556    64.95630     
6.568    63.63985     
6.580    62.58669     
6.592    63.56128     
6.604    61.96047     
6.617    60.72677     
6.629    60.47568     
6.642    61.16728     
6.654    58.89795     
6.667    59.24038     
6.680    57.42245     
6.692    56.44122     
6.705    55.73226     
6.717    56.82078     
6.730    57.76186     
6.742    54.15158     
6.755    54.12611     
6.768    53.63579     
6.780    52.65476     
6.793    53.23059     
6.805    53.01214     
6.818    52.62204     
6.831    50.60941     
6.843    50.06362     
6.856    48.94990     
6.869    45.80139     
6.881    46.49907     
6.893    46.35909     
6.906    45.53233     
6.919    42.90605     
6.931    42.91995     
6.943    43.12138     
6.956    39.81111     
6.968    40.43892     
6.980    39.13291     
6.993    38.48063     
7.005    38.81513     
7.018    39.60784     
7.030    37.75511     
7.043    38.00645     
7.055    36.77492     
7.067    35.35181     
7.080    34.77274     
7.092    32.88289     
7.104    33.67144     
7.117    32.81827     
7.129    31.50607     
7.142    31.89205     
7.154    31.96764     
7.167    30.52075     
7.179    29.62565     
7.192    29.88368     
7.207    27.94449     
7.219    27.44661     
7.232    27.22104     
7.244    25.03150     
7.257    24.06357     
7.269    22.95478     
7.282    24.18434     
7.295    22.61666     
7.307    20.15084     
7.320    20.09856     
7.333    19.77762     
7.346    19.07043     
7.358    19.33872     
7.370    19.83116     
7.383    18.16840     
7.395    15.99272     
7.407    15.65591     
7.419    14.68506     
7.432    12.67730     
7.445    13.52696     
7.458    12.18136     
7.470    11.03056     
7.483    10.97143     
7.496    10.11038     
7.508    9.19607      
7.521    7.88734      
7.534    8.42622      
7.546    7.52421      
7.559    7.09941      
7.572    5.89288      
7.584    5.56479      
7.597    3.86987      
7.610    5.22669      
7.622    6.30148      
7.635    3.01168      
7.647    1.93409      
7.660    0.54241      
7.672    359.33333    
7.684    359.97952    
7.697    358.74161    
7.709    359.06440    
7.722    356.87680    
7.734    358.46209    
7.746    355.15701    
7.759    355.04350    
7.771    356.00407    
7.784    356.69813    
7.796    355.22353    
7.808    354.20411    
7.821    354.74597    
7.833    354.48442    
7.846    353.70548    
7.859    352.72215    
7.872    353.17670    
7.885    350.22867    
7.898    350.47285    
7.910    351.41245    
7.923    350.66780    
7.936    349.43556    
7.949    349.57556    
7.961    344.84941    
7.974    346.87510    
7.987    344.62461    
8.000    343.11380    
8.013    345.27495    
8.025    344.51254    
8.038    342.83307    
8.051    343.57660    
8.064    343.88166    
8.076    340.57319    
8.089    342.83466    
8.102    341.90018    
8.115    341.22946    
8.127    339.46075    
8.140    340.21683    
8.153    339.73455    
8.166    338.24079    
8.179    337.21380    
8.191    338.12952    
8.204    339.53013    
8.217    337.14217    
8.230    336.94061    
8.242    338.16252    
8.255    336.75832    
8.268    337.05269    
8.281    337.27330    
8.293    336.46869    
8.306    336.06368    
8.319    336.73004    
8.332    335.95603    
8.344    336.36869    
8.357    336.01215    
8.371    336.86147    
8.384    336.46298    
8.397    336.34696    
8.412    337.01273    
8.424    336.35670    
8.436    336.11932    
8.448    337.41802    
8.461    336.55250    
8.473    335.96614    
8.485    337.51676    
8.497    336.49937    
8.509    336.78562    
8.522    335.36563    
8.534    337.47507    
8.546    337.25892    
8.558    337.47431    
8.570    337.92814    
8.583    337.67486    
8.595    338.33116    
8.607    337.63045    
8.620    338.28708    
8.632    338.36740    
8.644    337.60770    
8.656    337.94631    
8.669    338.28857    
8.681    337.04420    
8.693    337.25892    
8.705    338.40122    
8.718    338.63009    
8.730    338.30047    
8.742    338.69556    
8.754    339.20652    
8.766    338.22792    
8.779    339.47271    
8.791    340.76280    
8.803    339.39073    
8.816    339.38622    
8.829    340.92536    
8.841    340.10410    
8.854    340.10410    
8.866    340.67703    
8.878    343.09905    
8.891    341.04728    
8.904    341.18649    
8.916    341.76409    
8.929    343.45618    
8.941    342.10985    
8.954    341.70063    
8.966    344.08102    
8.979    341.71450    
8.991    342.60648    
9.004    344.31409    
9.016    344.85313    
9.029    343.69299    
9.041    344.60470    
9.054    345.97254    
9.066    343.97886    
9.079    344.67643    
9.091    345.09511    
9.104    346.68569    
9.116    345.93788    
9.129    348.18789    
9.141    347.05616    
9.154    346.81945    
9.166    348.47016    
9.178    347.75134    
9.191    348.20879    
9.203    349.77113    
9.215    350.38846    
9.227    349.72388    
9.240    349.72388    
9.252    350.28559    
9.264    351.89763    
9.276    351.69365    
9.289    351.46739    
9.301    352.44291    
9.313    353.75176    
9.326    352.64005    
9.338    354.01712    
9.350    355.03924    
9.362    352.92951    
9.375    353.98414    
9.387    355.96779    
9.400    354.38576    
9.412    355.45836    
9.424    356.82223    
9.437    355.39237    
9.449    355.85731    
9.461    357.12823    
9.473    358.71633    
9.485    358.99790    
9.498    358.60978    
9.510    0.01905      
9.523    350.25693    
9.536    358.07531    
9.548    0.21079      
9.561    359.74904    
9.574    359.98072    
9.586    0.17292      
9.599    2.52957      
9.612    0.96049      
9.625    2.16512      
9.638    3.34126      
9.651    5.04245      
9.663    3.15650      
9.676    5.24335      
9.689    7.89030      
9.701    8.18422      
9.714    6.84198      
9.727    8.29462      
9.739    9.60921      
9.752    10.17604     
9.765    9.00077      
9.777    9.65006      
9.790    12.40346     
9.803    10.31737     
9.815    12.18458     
9.827    12.95984     
9.840    11.37710     
9.852    12.16562     
9.865    12.84244     
9.877    13.13794     
9.890    12.19776     
9.903    14.59196     
9.915    14.90619     
9.928    13.65558     
9.940    15.43794     
9.953    16.31338     
9.965    15.62889     
9.978    15.40220     
9.991    19.19071     
10.003   18.97041     
10.016   17.77026     
10.029   17.91106     
10.041   19.43887     
10.054   19.29415     
10.067   16.00774     
10.079   19.83638     
10.092   18.78884     
10.105   16.45156     
10.117   18.69867     
10.130   18.79695     
10.143   16.84020     
10.156   18.40070     
10.169   18.65868     
10.182   18.48242     
10.195   18.16596     
10.207   19.28396     
10.220   19.63343     
10.233   17.51584     
10.245   17.31399     
10.258   20.24070     
10.271   18.01616     
10.283   20.72491     
10.296   17.13901     
10.309   16.81909     
10.322   16.39068     
10.334   17.40830     
10.347   17.81326     
10.360   16.70691     
10.374   15.02934     
10.386   15.76183     
10.398   15.50894     
10.410   14.59700     
10.422   16.02329     
10.435   15.80506     
10.447   14.70028     
10.459   12.46813     
10.471   14.54253     
10.483   14.60638     
10.495   11.89182     
10.507   12.91578     
10.519   14.06653     
10.531   11.59578     
10.544   10.35135     
10.556   11.48714     
10.568   11.10324     
10.580   10.28033     
10.592   10.86009     
10.604   10.73467     
10.616   9.90901      
10.628   9.97652      
10.641   8.11525      
10.653   10.03063     
10.665   8.16838      
10.677   7.37352      
10.691   8.43997      
10.703   6.26996      
10.716   5.22177      
10.728   6.73746      
10.740   4.81334      
10.752   3.92875      
10.765   4.47716      
10.777   5.09945      
10.789   3.09246      
10.802   4.63601      
10.815   3.54527      
10.827   1.75711      
10.840   1.45907      
10.852   3.60581      
10.864   1.56800      
10.877   1.18762      
10.890   1.87885      
10.903   358.80887    
10.915   358.40352    
10.928   359.19666    
10.940   357.80932    
10.953   356.90217    
10.966   357.46096    
10.978   357.53656    
10.991   355.66534    
11.003   355.76289    
11.016   355.31566    
11.029   356.56716    
11.041   354.39809    
11.054   353.13207    
11.067   355.76860    
11.079   352.77760    
11.092   353.05028    
11.105   352.41704    
11.117   352.05957    
11.130   351.07106    
11.143   351.30247    
11.156   351.11818    
11.168   349.86058    
11.181   349.75702    
11.194   350.33581    
11.207   349.26746    
11.219   347.34043    
11.232   347.98668    
11.245   344.47782    
11.258   346.78623    
11.270   346.75656    
11.283   345.94691    
11.296   344.41500    
11.309   346.82122    
11.321   344.76804    
11.334   344.77729    
11.347   345.55596    
11.360   344.18640    
11.373   342.76845    
11.386   344.69258    
11.399   343.17664    
11.411   342.97152    
11.423   343.40190    
11.435   342.96114    
11.447   343.05187    
11.459   342.80306    
11.471   342.80146    
11.483   342.56302    
11.495   341.87605    
11.508   342.83036    
11.520   342.54270    
11.532   340.67532    
11.544   340.26220    
11.556   341.68082    
11.568   341.63716    
11.580   341.58200    
11.592   340.31363    
11.604   341.37731    
11.617   341.52774    
11.630   340.49346    
11.642   341.15207    
11.654   340.63435    
11.666   340.53083    
11.679   341.58177    
11.691   341.96998    
11.703   341.23617    
11.715   340.17909    
11.727   341.53728    
11.740   340.82902    
11.752   341.32352    
11.764   342.71741    
11.776   342.15111    
11.789   342.33803    
11.801   341.34190    
11.813   341.38168    
11.826   342.28561    
11.838   341.07024    
11.850   341.29570    
11.862   343.18379    
11.874   341.25399    
11.887   341.37596    
11.899   342.72334    
11.911   342.82981    
11.924   341.39712    
11.936   342.25078    
11.948   344.30796    
11.961   341.88435    
11.973   341.32211    
11.985   343.60553    
11.997   342.90633    
12.010   342.73827    
12.023   344.29352    
12.035   344.65289    
12.047   343.42599    
12.060   343.74257    
12.072   344.26179    
12.084   345.35889    
12.096   345.28092    
12.109   344.84020    
12.121   344.88566    
12.133   345.01666    
12.146   345.31138    
12.158   346.64923    
12.170   346.02316    
12.183   344.84002    
12.195   346.30600    
12.208   347.16192    
12.220   346.48011    
12.232   346.75847    
12.245   348.33718    
12.257   347.68114    
12.270   346.17377    
12.282   347.99403    
12.294   348.22321    
12.307   346.97728    
12.319   348.58416    
12.331   348.51061    
12.344   348.00394    
12.356   347.87361    
12.368   348.54826    
12.381   349.77583    
12.393   348.92390    
12.406   349.02011    
12.418   350.08879    
12.430   349.99916    
12.442   350.32429    
12.454   352.06434    
12.467   350.76281    
12.479   350.41729    
12.491   351.93793    
12.504   352.27909    
12.516   351.70430    
12.528   351.27106    
12.540   353.85689    
12.552   350.76018    
12.565   352.41363    
12.577   353.22205    
12.589   353.73303    
12.601   352.73924    
12.614   352.73924    
12.626   354.46015    
12.638   355.68432    
12.650   353.62539    
12.663   356.15109    
12.675   356.83862    
12.687   355.91438    
12.700   355.72365    
12.712   357.61102    
12.724   357.44029    
12.736   357.76126    
12.749   0.36335      
12.761   359.41537    
12.773   359.59624    
12.785   359.48401    
12.798   1.43019      
12.810   359.79564    
12.823   0.98969      
12.835   2.96357      
12.847   1.86434      
12.859   2.98681      
12.871   2.98681      
12.883   3.93386      
12.895   4.52105      
12.907   3.15196      
12.920   4.64107      
12.932   5.10838      
12.944   7.50318      
12.956   7.66924      
12.968   6.41377      
12.980   7.77049      
12.992   7.14979      
13.004   7.07110      
13.016   9.04590      
13.029   9.48892      
13.041   8.17754      
13.053   10.08903     
13.065   11.74582     
13.077   11.74582     
13.089   9.53925      
13.101   9.50263      
13.113   12.09749     
13.125   12.11984     
13.137   10.65449     
13.149   11.17455     
13.162   13.59870     
13.174   11.70093     
13.186   12.09755     
13.198   13.67491     
13.211   12.84039     
13.223   12.50949     
13.236   14.98024     
13.248   15.85501     
13.260   14.53977     
13.273   15.65835     
13.285   16.83801     
13.297   16.14855     
13.309   15.85710     
13.322   15.85710     
13.334   16.54319     
13.346   16.63466     
13.359   16.19112     
13.371   16.43684     
13.384   17.74229     
13.397   16.06996     
13.409   17.01011     
13.421   17.23674     
13.434   15.26779     
13.446   17.93961     
13.459   16.84548     
13.471   18.68497     
13.484   15.48974     
13.496   15.02587     
13.509   18.48186     
13.521   16.01617     
13.534   15.33527     
13.546   16.24707     
13.559   15.36227     
13.571   13.30413     
13.584   14.92747     
13.596   14.58437     
13.609   12.39655     
13.623   13.34154     
13.635   15.05307     
13.648   12.37151     
13.661   11.40619     
13.673   14.52343     
13.686   12.88920     
13.699   11.45430     
13.711   13.39556     
13.724   12.72882     
13.737   10.66248     
13.749   11.95350     
13.762   10.61966     
13.774   10.22792     
13.787   9.55046      
13.800   9.95028      
13.812   8.22848      
13.825   7.51504      
13.838   8.78233      
13.850   8.70719      
13.863   8.70719      
13.875   7.00872      
13.888   6.71100      
13.900   8.57050      
13.913   5.99109      
13.925   6.67710      
13.938   7.52947      
13.950   5.23844      
13.963   5.67847      
13.975   4.68816      
13.988   4.45738      
14.000   3.62467      
14.013   4.98458      
14.025   3.14517      
14.038   2.22340      
14.050   2.67597      
14.062   2.68990      
14.075   1.97831      
14.087   1.48248      
14.100   2.16807      
14.112   0.37512      
14.125   358.81701    
14.137   1.84945      
14.150   356.63881    
14.162   356.42367    
14.175   355.99840    
14.187   355.75761    
14.200   357.51288    
14.212   355.94054    
14.225   355.19257    
14.237   355.59987    
14.250   355.27870    
14.262   353.97483    
14.274   353.61517    
14.286   353.49169    
14.298   352.87498    
14.311   353.65778    
14.323   353.62946    
14.335   353.81555    
14.347   352.46161    
14.359   350.93197    
14.371   353.14361    
14.385   352.85700    
14.397   351.20558    
14.409   352.44255    
14.422   352.56780    
14.435   351.14181    
14.447   350.72481    
14.460   351.39907    
14.472   352.05295    
14.485   349.66180    
14.497   350.39775    
14.510   351.09379    
14.522   349.43146    
14.534   350.37089    
14.547   350.29796    
14.559   349.78902    
14.571   348.43101    
14.584   350.96952    
14.596   351.24711    
14.608   350.27699    
14.621   348.26530    
14.633   349.30590    
14.646   350.31245    
14.658   349.61172    
14.671   347.34708    
14.683   350.10401    
14.695   348.67285    
14.708   348.47208    
14.721   349.19466    
14.733   349.52474    
14.745   347.77431    
14.758   349.43404    
14.770   349.30959    
14.782   347.80374    
14.794   349.14042    
14.807   349.46884    
14.819   349.60936    
14.831   347.88557    
14.843   349.70654    
14.855   349.39363    
14.867   348.27327    
14.880   357.29329    
14.892   350.28752    
14.905   350.20112    
14.917   348.83084    
14.930   349.47822    
14.942   350.42470    
14.955   349.83204    
14.967   350.78190    
14.979   351.14915    
14.992   352.56011    
15.004   350.52621    
15.017   352.75763    
15.029   351.85199    
15.042   351.90817    
15.054   352.68913    
15.067   352.43777    
15.080   352.38749    
15.092   352.23157    
15.104   352.82984    
15.116   352.97085    
15.128   351.57640    
15.141   353.80054    
15.153   353.92716    
15.165   352.19214    
15.177   352.75549    
15.189   354.84702    
15.202   354.84702    
15.214   353.52082    
15.226   354.01097    
15.238   354.78421    
15.251   354.20642    
15.263   353.75049    
15.275   355.33351    
15.287   356.04416    
15.299   355.23020    
15.311   354.25742    
15.324   356.19204    
15.336   354.71590    
15.348   353.90036    
15.361   356.60633    
15.373   356.32332    
15.386   354.73956    
15.398   355.94573    
15.410   357.94159    
15.423   356.35050    
15.435   357.09195    
15.447   357.39576    
15.460   355.61406    
15.472   355.61406    
15.484   357.80620    
15.497   358.02701    
15.509   358.24131    
15.521   357.29057    
15.534   358.46464    
15.546   359.26692    
15.558   357.22065    
15.571   359.45914    
15.583   359.61828    
15.595   358.33667    
15.608   359.59379    
15.620   359.34511    
15.633   359.32709    
15.645   358.97096    
15.657   0.05711      
15.670   0.25028      
15.682   359.75385    
15.694   0.20897      
15.707   2.16071      
15.719   359.45128    
15.731   0.36118      
15.744   1.83744      
15.756   0.87275      
15.768   1.33808      
15.781   1.30798      
15.793   2.70562      
15.806   2.10042      
15.818   1.88630      
15.831   2.37330      
15.843   2.29733      
15.856   2.13033      
15.868   4.28532      
15.880   4.36157      
15.893   2.85297      
15.905   4.49957      
15.917   5.35583      
15.929   5.65386      
15.942   4.91087      
15.955   6.23593      
15.967   6.25743      
15.979   8.30872      
15.992   7.92874      
16.004   8.81619      
16.016   8.88066      
16.029   9.04491      
16.041   7.56407      
16.054   8.65254      
16.066   9.09745      
16.079   9.30961      
16.091   9.46916      
16.103   9.51455      
16.116   9.51455      
16.128   7.26011      
16.140   8.36589      
16.153   10.44910     
16.165   8.13856      
16.177   7.60927      
16.190   10.26242     
16.202   10.70182     
16.214   7.87436      
16.227   10.21712     
16.239   9.81622      
16.251   9.82006      
16.264   7.65754      
16.276   9.61599      
16.288   10.84674     
16.301   8.65862      
16.313   11.54339     
16.325   10.84161     
16.338   9.79265      
16.350   9.67618      
16.362   12.14206     
16.374   10.84323     
16.388   10.04121     
16.400   12.14352     
16.412   12.66876     
16.425   12.66876     
16.437   10.99236     
16.449   10.01152     
16.462   11.86717     
16.474   9.88709      
16.486   11.33026     
16.499   11.77332     
16.511   11.98038     
16.524   9.48297      
16.536   10.77175     
16.549   11.28159     
16.561   9.38835      
16.573   9.03307      
16.586   11.25873     
16.598   9.18404      
16.611   8.12118      
16.623   10.23480     
16.635   9.57964      
16.648   7.63941      
16.660   8.79362      
16.673   9.02338      
16.685   7.85826      
16.698   7.36326      
16.710   8.29462      
16.722   8.45881      
16.734   7.33617      
16.746   7.14952      
16.759   7.98830      
16.771   7.68684      
16.783   6.37385      
16.796   5.53212      
16.808   8.13877      
16.821   5.38509      
16.833   5.08007      
16.846   7.06103      
16.858   5.78164      
16.870   4.65989      
16.882   6.24563      
16.895   5.70664      
16.907   4.00894      
16.920   4.39405      
16.932   5.52066      
16.945   3.91009      
16.957   4.19230      
16.970   3.95523      
16.983   4.29518      
16.996   1.64166      
17.008   3.23261      
17.021   2.13195      
17.034   1.07539      
17.046   2.06747      
17.059   1.01170      
17.072   359.02998    
17.084   0.74484      
17.097   359.75139    
17.110   359.81792    
17.123   358.24095    
17.135   359.66483    
17.147   357.30189    
17.159   356.98823    
17.172   356.98823    
17.184   358.23292    
17.196   357.74558    
17.209   355.26223    
17.221   352.28105    
17.234   351.92613    
17.246   354.69098    
17.258   353.49569    
17.271   352.58191    
17.283   353.78239    
17.296   354.11722    
17.308   351.56699    
17.320   351.74290    
17.333   352.25485    
17.345   350.87303    
17.357   350.80141    
17.370   351.53466    
17.382   351.07677    
17.394   350.71610    
17.407   351.15779    
17.419   351.41403    
17.431   349.05103    
17.444   349.92450    
17.456   351.15328    
17.469   351.41876    
17.481   348.98462    
17.493   349.08059    
17.506   351.60030    
17.518   350.58394    
17.530   349.35530    
17.543   350.83595    
17.555   351.29343    
17.567   349.30468    
17.580   349.69993    
17.592   351.03602    
17.604   349.83491    
17.617   348.61764    
17.629   350.73509    
17.642   350.04399    
17.654   349.27689    
17.666   350.28404    
17.679   349.94554    
17.691   348.13332    
17.703   349.32537    
17.716   350.03908    
17.728   349.02488    
17.740   347.90029    
17.753   350.81855    
17.765   349.41856    
17.778   349.49084    
17.790   350.51988    
17.803   350.46007    
17.815   351.12725    
17.828   349.12961    
17.840   349.95723    
17.852   351.38380    
17.865   350.01604    
17.877   349.03855    
17.889   351.10242    
17.902   350.27393    
17.914   349.03342    
17.926   350.39073    
17.939   351.94073    
17.951   350.72923    
17.963   350.67454    
17.976   351.48916    
17.988   352.19709    
18.000   350.72053    
18.013   352.08478    
18.025   352.21839    
18.038   351.62674    
18.050   352.68278    
18.062   355.11184    
18.075   352.57246    
18.087   352.95160    
18.099   354.38092    
18.112   354.38092    
18.124   353.42227    
18.136   353.18257    
18.149   355.33649    
18.161   354.87696    
18.173   353.49092    
18.186   355.10571    
18.198   356.16003    
18.210   355.31202    
18.223   355.46547    
18.235   356.77107    
18.248   355.61955    
18.260   356.05918    
18.272   356.80298    
18.285   356.25293    
18.297   357.18895    
18.309   356.54250    
18.322   358.04663    
18.334   357.07703    
18.346   358.81411    
18.359   358.26140    
18.371   357.10930    
18.383   358.64154    
18.396   0.01883      
18.408   358.12492    
18.421   358.12492    
18.433   358.59673    
18.445   0.36481      
18.458   0.17292      
18.470   359.26208    
18.483   1.75853      
18.495   0.82725      
18.507   359.39258    
18.519   1.22259      
18.532   0.89696      
18.544   0.05669      
18.557   2.01130      
18.569   1.69702      
18.581   0.69724      
18.594   1.48312      
18.606   3.26877      
18.618   2.94732      
18.630   1.55614      
18.642   3.15439      
18.655   3.65099      
18.667   2.54783      
18.679   1.99293      
18.691   1.99293      
18.703   4.73107      
18.715   4.39426      
18.727   2.90987      
18.740   6.32905      
18.753   5.73840      
18.765   7.22404      
18.778   5.65462      
18.791   5.67397      
18.803   8.25549      
18.816   7.78968      
18.829   7.35568      
18.842   8.03452      
18.854   8.32517      
18.867   8.61985      
18.879   9.67429      
18.891   10.10326     
18.903   9.44867      
18.915   8.98199      
18.928   12.47126     
18.940   12.28813     
18.953   10.87616     
18.965   13.23689     
18.977   12.45825     
18.989   11.86626     
19.002   10.30296     
19.014   12.13791     
19.026   12.13791     
19.038   10.54625     
19.050   10.65045     
19.063   10.92600     
19.075   12.21592     
19.088   11.18175     
19.100   10.77554     
19.113   11.71298     
19.125   10.79870     
19.137   9.30489      
19.150   11.49758     
19.162   10.22582     
19.175   10.19264     
19.187   11.46354     
19.200   11.47713     
19.214   9.30896      
19.226   10.85557     
19.239   11.86256     
19.251   11.03056     
19.264   8.87691      
19.276   12.40499     
19.289   9.63200      
19.301   10.09319     
19.314   11.19083     
19.326   11.48947     
19.339   8.67691      
19.351   9.94744      
19.364   11.05208     
19.376   10.20876     
19.389   9.40118      
19.402   10.50119     
19.414   9.72816      
19.426   7.86526      
19.438   9.21589      
19.451   8.57491      
19.464   8.03403      
19.476   8.03403      
19.488   8.14434      
19.501   10.15518     
19.513   7.71317      
19.525   8.57783      
19.537   8.46282      
19.549   7.57967      
19.561   6.50168      
19.573   6.68760      
19.585   8.17276      
19.598   6.47468      
19.610   6.36074      
19.622   6.82602      
19.634   5.55297      
19.647   4.82150      
19.660   5.90401      
19.672   6.12728      
19.685   4.10074      
19.698   4.85194      
19.711   4.13293      
19.723   3.66881      
19.736   2.82129      
19.748   3.92307      
19.760   2.01575      
19.772   1.99120      
19.784   2.51062      
19.796   2.49219      
19.808   2.91050      
19.821   1.45984      
19.833   3.10996      
19.845   1.76514      
19.857   359.93965    
19.869   1.08278      
19.881   1.31761      
19.893   0.37255      
19.905   0.22006      
19.918   0.96468      
19.930   358.47325    
19.942   357.81153    
19.955   354.88076    
19.967   355.93552    
19.979   356.56564    
19.992   356.56564    
20.004   354.63263    
20.016   355.69533    
20.029   355.39713    
20.041   354.68678    
20.053   354.98655    
20.066   355.22393    
20.078   354.63956    
20.090   353.27620    
20.103   354.74388    
20.115   354.68154    
20.127   353.31091    
20.140   354.06775    
20.152   354.65228    
20.164   353.78031    
20.177   353.23104    
20.189   354.20049    
20.201   352.83835    
20.214   352.62474    
20.226   353.19885    
20.238   353.04569    
20.251   350.54373    
20.263   351.98969    
20.276   353.95657    
20.288   352.16561    
20.301   352.16561    
20.313   351.01327    
20.325   352.45301    
20.338   352.21282    
20.350   350.80459    
20.363   351.03220    
20.375   351.47108    
20.388   350.31165    
20.400   350.01685    
20.412   352.27726    
20.425   349.24421    
20.437   349.17324    
20.450   350.98971    
20.463   349.35503    
20.477   349.40919    
20.490   350.49802    
20.503   351.10242    
20.517   349.12678    
20.530   349.66467    
20.542   350.47855    
20.555   350.61463    
20.567   349.40435    
20.580   350.45532    
20.593   350.40367    
20.605   349.18432    
20.618   351.53000    
20.630   351.01480    
20.644   350.40611    
20.656   350.46439    
20.669   352.60203    
20.682   351.05530    
20.694   351.21785    
20.707   352.21345    
20.719   352.32693    
20.732   350.24926    
20.745   351.73025    
20.757   351.99354    
20.770   351.68515    
20.783   351.88734    
20.795   352.68642    
20.808   352.23802    
20.820   351.58586    
20.833   353.25500    
20.846   352.79790    
20.858   351.76959    
20.871   354.08326    
20.883   354.19232    
20.896   352.94714    
20.909   353.77584    
20.922   354.92331    
20.934   353.98613    
20.947   354.69098    
20.960   354.72356    
20.972   354.92883    
20.985   354.54636    
20.998   356.02337    
21.010   355.82168    
21.023   355.32159    
21.035   356.30920    
21.048   356.29259    
21.061   357.14118    
21.073   355.66161    
21.086   355.70251    
21.099   356.98626    
21.111   356.51983    
21.124   355.71458    
21.137   357.90386    
21.149   357.03971    
21.162   357.04865    
21.174   358.90755    
21.187   358.86980    
21.200   358.18745    
21.212   359.71160    
21.225   0.51946      
21.238   358.85122    
21.250   2.01392      
21.263   0.90266      
21.275   0.61949      
21.288   0.67837      
21.301   0.99652      
21.313   0.44822      
21.326   359.55986    
21.339   1.84949      
21.351   1.32819      
21.364   0.78825      
21.376   2.42963      
21.389   2.51335      
21.402   0.13441      
21.414   2.55824      
21.427   2.81778      
21.439   2.34333      
21.451   1.01100      
21.464   3.32919      
21.476   4.20781      
21.488   6.72318      
21.500   5.77546      
21.513   4.19894      
21.525   4.78373      
21.537   7.42362      
21.549   7.72568      
21.562   5.68267      
21.574   6.41730      
21.586   6.89743      
21.598   6.96644      
21.611   7.00805      
21.623   9.85455      
21.635   7.88714      
21.648   8.20722      
21.660   10.20076     
21.673   11.46806     
21.686   9.71779      
21.698   10.09778     
21.711   11.52198     
21.724   9.96162      
21.736   10.32859     
21.749   12.94720     
21.761   10.83906     
21.773   11.73620     
21.786   11.62428     
21.798   13.39158     
21.810   10.92880     
21.823   11.83150     
21.835   12.48323     
21.847   10.45182     
21.859   10.56859     
21.871   10.95991     
21.884   12.57877     
21.896   11.22686     
21.908   10.72656     
21.921   11.49424     
21.933   11.47199     
21.945   9.32389      
21.957   10.10603     
21.970   12.07519     
21.982   9.21483      
21.994   9.27219      
22.006   10.67836     
22.019   10.99675     
22.031   8.14486      
22.044   9.98233      
22.056   10.49823     
22.068   9.99737      
22.081   8.05711      
22.093   11.40934     
22.106   7.00512      
22.118   8.29200      
22.131   10.18222     
22.143   8.30961      
22.155   8.34947      
22.168   8.43219      
22.180   8.55289      
22.193   7.70428      
22.205   8.62495      
22.218   7.85815      
22.230   8.44101      
22.242   6.38712      
22.255   6.89310      
22.267   7.28477      
22.279   6.33350      
22.292   4.75693      
22.304   6.59579      
22.316   5.35331      
22.329   4.08000      
22.341   5.36085      
22.353   6.93380      
22.366   2.91254      
22.378   4.50106      
22.390   5.08529      
22.403   2.83274      
22.415   2.31832      
22.428   3.19767      
22.440   3.59329      
22.452   1.44948      
22.464   3.02436      
22.477   3.02436      
22.489   2.86625      
22.501   2.06544      
22.514   0.66340      
22.526   2.28515      
22.539   0.87750      
22.551   0.49020      
22.564   2.76076      
22.576   0.71375      
22.588   0.14073      
22.601   0.42366      
22.613   0.55906      
22.625   358.90973    
22.638   359.77994    
22.650   0.64134      
22.663   359.35735    
22.675   358.60426    
22.687   355.77688    
22.700   355.49104    
22.712   355.03437    
22.725   355.06010    
22.737   354.87466    
22.749   355.27793    
22.762   354.48031    
22.774   355.55820    
22.787   354.98065    
22.799   354.27075    
22.811   354.32637    
22.824   352.35686    
22.836   353.53875    
22.848   351.54646    
22.861   351.57371    
22.874   352.54946    
22.886   352.31835    
22.899   352.07942    
22.911   351.63632    
22.924   352.27292    
22.936   352.13986    
22.948   352.15113    
22.961   351.82569    
22.973   351.76914    
22.985   350.73509    
22.998   349.58346    
23.010   351.56351    
23.022   350.51328    
23.034   350.12871    
23.047   350.69918    
23.059   351.31467    
23.071   349.60641    
23.083   350.09666    
23.095   351.51185    
23.108   351.47993    
23.120   349.89166    
23.132   349.33639    
23.145   350.74095    
23.157   351.31756    
23.169   349.02180    
23.182   351.77136    
23.194   350.93924    
23.206   350.52544    
23.219   350.31591    
23.231   351.85688    
23.244   349.24421    
23.256   349.77985    
23.269   350.75600    
23.281   351.53448    
23.293   349.16471    
23.306   351.75916    
23.318   351.30384    
23.330   350.16957    
23.343   349.93874    
23.355   351.31667    
23.367   350.49097    
23.380   349.86232    
23.392   351.67135    
23.405   351.25523    
23.417   351.17111    
23.430   352.05447    
23.442   351.95944    
23.455   351.81595    
23.467   350.67824    
23.480   351.25243    
23.492   352.41835    
23.505   351.86217    
23.517   351.26896    
23.530   352.56626    
23.542   352.18222    
23.555   351.67827    
23.567   352.04613    
23.580   353.96302    
23.592   352.13850    
23.605   352.45471    
23.617   354.80044    
23.630   352.33248    
23.642   352.00148    
23.655   354.43444    
23.667   354.60965    
23.680   353.10855    
23.692   355.23328    
23.705   355.84135    
23.717   355.64812    
23.730   353.85981    
23.743   357.44152    
23.755   355.12028    
23.767   355.72221    
23.780   356.52109    
23.792   357.27809    
23.805   355.91438    
23.817   356.89554    
23.830   358.44831    
23.842   357.56215    
23.855   357.56215    
23.868   7.28983      
23.880   359.50859    
23.893   358.56043    
23.905   359.18533    
23.917   359.49147    
23.930   0.16570      
23.942   356.76274    
23.955   0.40000      
23.967   359.09443    
23.980   359.26741    
23.992   359.72259    
24.005   2.75614      
24.017   2.25542      
24.030   3.75005      
24.042   3.07901      
24.055   3.56076      
24.067   5.96962      
24.080   2.65512      
24.092   3.55302      
24.105   5.22938      
24.117   4.49117      
24.130   4.32419      
24.142   5.17409      
24.155   6.64975      
24.167   3.57119      
24.180   4.24764      
24.192   7.42362      
24.205   5.29588      
24.217   6.41061      
24.230   6.18395      
24.242   7.12502      
24.255   4.83689      
24.267   6.02644      
24.280   6.29910      
24.292   6.44867      
24.305   5.01827      
24.317   6.20432      
24.329   7.13970      
24.342   6.18610      
24.354   5.35583      
24.366   6.89353      
24.379   6.39097      
24.391   6.16437      
24.403   6.14388      
24.416   7.86199      
24.428   5.15633      
24.441   5.57854      
24.453   6.08136      
24.466   5.83904      
24.478   4.53997      
24.491   6.43905      
24.503   5.56117      
24.516   5.08461      
24.529   5.54027      
24.541   6.73430      
24.553   4.09958      
24.566   5.01276      
24.578   5.88208      
24.591   5.34205      
24.603   3.88652      
24.615   5.35583      
24.627   6.00157      
24.640   6.00157      
24.652   4.45008      
24.664   5.58154      
24.676   5.63152      
24.689   5.42782      
24.701   4.81853      
24.713   5.66288      
24.726   4.88636      
24.738   4.06850      
24.750   5.21106      
24.762   5.85137      
24.774   3.84186      
24.787   4.86324      
24.799   4.77005      
24.811   4.55713      
24.823   3.00952      
24.835   4.02744      
24.847   2.39893      
24.859   2.52250      
24.872   2.52250      
24.884   3.68562      
24.896   2.99940      
24.908   2.18845      
24.921   1.75094      
24.933   2.52555      
24.945   0.44822      
24.957   0.84368      
24.970   2.50281      
24.982   0.85823      
24.994   359.82377    
25.006   1.55306      
25.018   1.29112      
25.031   358.81781    
25.043   1.10402      
25.055   1.78991      
25.067   358.70769    
25.079   1.40248      
25.091   0.99246      
25.103   0.99246      
25.115   359.34351    
25.127   359.31840    
25.140   0.73249      
25.152   359.43562    
25.165   359.90182    
25.177   359.22524    
25.189   0.85718      
25.202   358.25180    
25.214   359.36255    
25.227   0.53233      
25.239   356.45376    
25.252   355.31812    
25.265   355.72897    
25.277   355.68288    
25.290   356.76066    
25.302   355.50306    
25.315   354.90918    
25.327   356.19975    
25.340   354.63507    
25.353   353.45762    
25.365   354.50695    
25.378   355.78523    
25.390   354.64648    
25.403   355.33581    
25.416   356.10299    
25.428   354.08194    
25.441   352.94534    
25.453   355.64285    
25.466   354.81065    
25.478   353.65781    
25.491   354.82736    
25.504   356.59266    
25.516   354.81716    
25.529   355.25460    
25.541   356.67771    
25.554   356.57468    
25.566   354.45770    
25.579   354.91915    
25.592   356.13355    
25.604   356.43762    
25.616   354.11833    
25.629   354.86995    
25.641   356.82225    
25.653   354.43273    
25.666   355.03589    
25.678   356.16499    
25.691   355.14724    
25.703   354.82046    
25.715   355.94772    
25.728   356.56201    
25.740   354.82691    
25.752   355.41670    
25.764   356.04416    
25.777   354.93345    
25.789   353.56895    
25.801   356.15698    
25.814   355.48403    
25.826   355.94366    
25.839   356.63674    
25.851   356.68303    
25.864   355.57719    
25.877   355.70529    
25.889   357.89225    
25.902   356.22501    
25.914   356.26942    
25.928   356.72793    
25.941   355.71085    
25.954   355.81904    
25.966   357.14128    
25.979   357.29795    
25.991   358.26140    
26.003   357.50801    
26.015   358.02697    
26.027   0.05617      
26.039   358.45036    
26.052   358.20547    
26.064   0.32359      
26.076   359.04451    
26.088   359.50355    
26.100   0.01849      
26.112   1.50844      
26.124   359.67918    
26.136   359.38132    
26.149   1.47223      
26.161   0.31956      
26.173   359.52286    
26.185   1.35306      
26.197   1.53566      
26.209   1.05523      
26.221   0.92955
