3.753    161.47367    
3.765    159.50796    
3.778    158.44054    
3.790    160.64343    
3.802    160.81704    
3.815    160.31566    
3.827    161.70556    
3.839    161.54665    
3.852    159.41272    
3.864    160.26926    
3.877    161.55895    
3.889    161.20896    
3.901    161.20896    
3.914    159.80888    
3.926    157.82614    
3.938    160.33433    
3.951    160.31124    
3.963    159.49729    
3.975    158.91199    
3.987    158.99150    
4.000    156.95541    
4.012    156.82261    
4.024    158.39236    
4.036    157.31399    
4.049    155.88595    
4.061    155.82999    
4.073    156.49930    
4.086    155.71062    
4.098    155.05647    
4.110    155.12354    
4.122    154.41127    
4.135    151.98312    
4.147    154.55408    
4.159    153.35694    
4.172    153.55888    
4.184    153.04651    
4.196    153.46616    
4.209    151.91425    
4.221    151.85170    
4.234    151.05314    
4.246    151.79859    
4.258    150.35956    
4.271    149.08092    
4.283    150.62514    
4.295    149.45851    
4.307    149.31044    
4.320    149.24154    
4.332    148.79843    
4.344    149.09152    
4.356    148.57849    
4.368    148.50878    
4.381    147.61060    
4.393    147.31696    
4.405    149.14020    
4.417    148.30531    
4.429    148.30531    
4.441    147.22571    
4.453    148.01264    
4.466    147.20525    
4.478    146.90276    
4.490    146.25719    
4.503    145.71044    
4.515    145.55820    
4.528    145.34784    
4.541    144.99935    
4.553    144.35141    
4.565    142.83196    
4.578    144.69715    
4.591    143.44516    
4.603    142.60186    
4.616    142.50261    
4.628    142.04577    
4.641    141.95824    
4.653    140.75857    
4.666    141.46731    
4.678    140.32729    
4.691    139.17663    
4.703    139.77073    
4.716    139.99748    
4.728    137.86660    
4.741    138.05888    
4.753    137.66104    
4.766    136.56885    
4.778    135.99432    
4.790    137.01845    
4.803    137.01845    
4.815    136.36656    
4.828    135.80068    
4.840    135.96936    
4.853    134.27259    
4.866    133.08322    
4.878    133.59188    
4.890    134.17040    
4.902    132.91857    
4.914    133.22620    
4.927    133.61596    
4.939    130.97772    
4.951    130.10509    
4.963    132.42019    
4.976    129.06610    
4.988    128.60550    
5.000    129.52500    
5.012    130.80379    
5.025    128.79094    
5.037    129.34139    
5.049    128.70395    
5.062    126.63302    
5.074    126.19252    
5.086    126.19252    
5.098    128.16780    
5.111    125.86183    
5.123    124.48077    
5.135    125.65439    
5.148    126.28100    
5.160    123.60134    
5.172    125.28408    
5.185    124.35214    
5.197    123.32027    
5.209    122.42407    
5.222    122.18741    
5.234    122.06668    
5.246    119.66652    
5.258    120.42212    
5.271    120.84511    
5.283    120.83330    
5.295    118.49519    
5.307    119.69555    
5.320    118.51047    
5.332    118.12728    
5.344    119.19153    
5.357    119.19153    
5.369    117.85052    
5.382    115.94655    
5.394    115.37089    
5.407    114.45443    
5.419    115.20491    
5.432    114.97883    
5.444    114.89366    
5.457    114.83334    
5.469    112.59986    
5.482    112.37525    
5.494    111.36698    
5.506    112.64583    
5.519    111.76774    
5.531    109.40342    
5.544    110.14468    
5.556    109.60642    
5.568    107.30483    
5.581    107.32283    
5.593    107.98399    
5.605    107.92218    
5.618    106.65868    
5.631    106.53020    
5.643    107.09720    
5.656    105.40505    
5.668    104.58237    
5.681    105.52706    
5.694    102.13251    
5.706    102.20243    
5.719    101.27653    
5.732    102.32314    
5.744    101.58559    
5.757    99.78431     
5.769    100.04458    
5.781    101.95527    
5.794    97.23990     
5.806    98.80653     
5.819    98.56212     
5.832    97.83746     
5.844    96.99104     
5.856    96.08343     
5.869    95.53188     
5.881    94.11436     
5.893    94.93803     
5.906    93.79961     
5.918    94.19588     
5.931    93.50079     
5.943    90.35379     
5.955    90.96253     
5.968    90.31255     
5.980    90.55529     
5.992    87.18872     
6.005    87.49751     
6.017    85.92143     
6.030    85.41314     
6.042    86.13317     
6.054    84.85103     
6.067    82.22625     
6.079    81.10731     
6.092    79.78531     
6.104    80.72408     
6.116    80.72408     
6.129    81.19642     
6.141    79.19851     
6.154    78.31063     
6.166    77.18018     
6.179    76.26862     
6.191    75.29882     
6.204    75.12018     
6.216    75.82281     
6.228    73.50166     
6.241    71.73093     
6.253    72.84630     
6.265    71.50733     
6.278    70.51177     
6.290    69.94546     
6.303    68.78961     
6.315    68.53213     
6.328    67.67452     
6.340    65.40162     
6.353    67.11167     
6.365    64.85968     
6.378    64.75975     
6.391    64.03593     
6.403    60.84015     
6.416    61.52127     
6.429    60.29819     
6.441    58.74734     
6.453    59.57270     
6.466    59.72970     
6.478    58.00587     
6.490    56.86872     
6.503    55.03783     
6.515    56.33450     
6.527    53.77283     
6.540    51.77131     
6.552    51.96945     
6.565    50.66057     
6.577    50.75410     
6.589    49.67894     
6.602    48.66132     
6.614    47.72059     
6.626    45.83471     
6.639    46.51995     
6.651    45.56126     
6.663    42.40215     
6.676    42.79078     
6.688    44.13930     
6.701    41.92677     
6.714    40.15600     
6.726    39.85526     
6.740    39.93217     
6.752    37.86932     
6.765    36.90467     
6.777    36.87849     
6.790    35.65075     
6.802    33.05842     
6.814    33.10748     
6.827    33.92683     
6.839    32.05571     
6.852    31.12212     
6.864    29.98305     
6.877    27.14824     
6.889    27.14824     
6.902    27.22522     
6.914    26.94543     
6.927    25.26928     
6.939    25.24108     
6.952    24.98998     
6.964    23.06825     
6.977    21.61664     
6.989    21.97276     
7.002    22.39275     
7.015    21.83772     
7.027    19.93876     
7.040    19.84212     
7.052    18.88506     
7.065    17.30021     
7.077    18.01674     
7.090    16.73832     
7.103    15.14168     
7.115    14.62172     
7.128    14.09518     
7.140    12.89495     
7.153    12.88582     
7.165    10.87082     
7.178    9.98036      
7.191    11.15554     
7.203    10.00914     
7.215    8.01402      
7.227    8.02308      
7.239    8.79406      
7.251    6.00380      
7.264    5.70275      
7.276    5.34836      
7.288    5.34836      
7.300    5.81709      
7.312    3.89318      
7.325    2.63494      
7.337    2.81717      
7.350    2.06834      
7.362    0.17818      
7.375    0.94946      
7.387    359.86312    
7.400    357.81228    
7.412    358.70507    
7.425    357.21536    
7.437    356.48945    
7.451    357.18276    
7.463    354.19232    
7.476    354.09717    
7.488    353.06514    
7.501    353.11366    
7.514    350.99512    
7.526    352.26202    
7.539    351.02052    
7.552    350.35379    
7.565    349.28234    
7.577    349.62029    
7.590    348.56410    
7.603    348.80262    
7.616    348.46944    
7.628    347.14696    
7.641    347.77427    
7.654    347.47723    
7.667    341.44003    
7.680    343.49247    
7.693    344.10418    
7.706    343.35215    
7.718    342.65441    
7.731    342.57494    
7.744    340.58236    
7.757    340.63255    
7.770    341.01475    
7.783    340.59059    
7.795    339.75147    
7.808    340.66252    
7.821    340.23490    
7.833    338.64575    
7.846    339.03504    
7.858    340.74332    
7.870    338.81468    
7.883    337.89154    
7.896    340.08053    
7.909    338.28954    
7.921    338.03236    
7.934    339.15096    
7.947    338.86618    
7.960    337.45489    
7.972    337.42569    
7.985    339.51419    
7.998    337.61185    
8.011    338.47229    
8.024    339.07278    
8.036    337.97500    
8.049    338.36531    
8.062    337.23639    
8.075    338.23290    
8.088    338.09504    
8.101    337.86691    
8.114    337.83537    
8.127    337.98636    
8.140    338.35118    
8.153    339.76058    
8.165    338.57288    
8.178    337.87870    
8.191    338.63007    
8.204    339.42337    
8.217    338.09438    
8.229    338.31377    
8.242    339.82903    
8.255    339.29919    
8.267    338.37464    
8.280    339.86370    
8.293    339.53132    
8.305    339.27921    
8.318    338.61636    
8.330    339.45587    
8.343    339.68599    
8.355    339.75416    
8.368    339.54369    
8.381    341.80279    
8.394    340.37345    
8.407    340.12212    
8.420    340.89038    
8.433    341.76465    
8.445    340.82597    
8.457    341.41067    
8.469    341.86519    
8.481    340.94023    
8.493    341.66886    
8.505    342.72255    
8.518    341.87254    
8.530    341.36691    
8.543    342.61891    
8.555    343.18043    
8.568    341.52681    
8.580    344.18410    
8.593    344.75565    
8.605    343.19230    
8.618    343.96046    
8.630    343.59597    
8.643    344.39237    
8.655    343.64274    
8.667    346.02361    
8.680    346.11402    
8.692    346.11402    
8.705    345.84467    
8.717    347.34287    
8.729    346.00700    
8.742    345.65417    
8.754    347.11672    
8.767    348.50608    
8.779    346.95074    
8.791    347.41860    
8.804    348.16248    
8.816    348.28546    
8.828    348.43075    
8.840    350.48588    
8.853    349.60283    
8.865    349.53767    
8.878    351.24153    
8.890    351.39694    
8.903    350.33606    
8.915    351.04143    
8.927    351.82219    
8.940    352.19418    
8.952    352.62358    
8.964    352.12644    
8.977    353.40975    
8.989    354.14628    
9.001    355.10758    
9.014    356.07904    
9.026    356.03156    
9.038    354.98720    
9.051    355.87074    
9.063    357.40412    
9.075    355.98301    
9.088    357.38903    
9.100    358.53072    
9.112    357.65723    
9.125    357.28651    
9.137    0.16786      
9.149    359.75222    
9.162    359.40357    
9.174    0.12789      
9.186    1.82210      
9.199    0.35599      
9.211    2.36391      
9.223    2.09802      
9.235    2.28983      
9.248    3.38512      
9.260    4.84560      
9.272    3.96409      
9.285    4.18538      
9.297    6.14230      
9.309    6.31663      
9.322    5.44124      
9.334    4.79285      
9.346    7.05368      
9.359    7.02554      
9.371    6.14210      
9.383    8.28902      
9.395    8.63784      
9.408    7.99034      
9.420    9.06486      
9.433    10.61479     
9.445    9.33578      
9.457    9.94684      
9.470    11.78630     
9.482    10.56324     
9.494    15.37722     
9.507    16.50217     
9.519    13.80479     
9.531    14.92738     
9.544    16.79873     
9.556    16.36523     
9.568    16.62219     
9.580    18.83069     
9.593    19.09057     
9.605    18.63128     
9.617    18.22704     
9.630    20.76900     
9.642    18.42855     
9.654    18.61464     
9.667    20.40943     
9.679    20.02339     
9.691    20.04107     
9.704    20.22801     
9.716    22.96475     
9.728    22.70737     
9.741    19.98131     
9.753    21.98297     
9.765    22.70950     
9.778    21.23970     
9.790    23.10029     
9.802    24.55389     
9.815    22.57863     
9.827    22.34465     
9.839    23.19589     
9.851    22.07038     
9.864    21.14504     
9.876    21.98226     
9.888    24.31011     
9.901    23.38473     
9.913    22.12784     
9.925    21.79761     
9.938    21.47007     
9.950    20.37369     
9.962    21.27858     
9.975    20.36379     
9.987    21.36977     
9.999    20.34877     
10.012   20.58956     
10.024   20.68807     
10.036   18.37699     
10.048   18.73353     
10.061   19.50245     
10.073   18.77327     
10.085   19.89252     
10.098   18.38933     
10.110   18.98023     
10.122   16.61571     
10.135   18.20379     
10.147   17.52662     
10.160   17.71804     
10.172   15.93685     
10.184   16.24550     
10.197   16.21268     
10.209   14.52925     
10.222   16.07655     
10.234   15.50914     
10.247   13.28055     
10.259   12.22046     
10.272   13.32453     
10.284   13.08863     
10.297   11.71011     
10.309   12.84596     
10.322   10.84723     
10.334   9.55948      
10.347   10.64639     
10.360   10.80543     
10.372   8.76294      
10.385   7.83498      
10.397   8.54067      
10.409   6.26202      
10.422   6.13496      
10.434   6.61141      
10.446   5.09385      
10.459   5.41903      
10.471   4.47741      
10.483   3.67138      
10.496   3.21876      
10.508   3.78902      
10.520   3.78902      
10.533   4.34397      
10.545   1.40610      
10.557   0.89816      
10.570   2.72166      
10.582   0.36604      
10.594   0.21643      
10.607   0.64047      
10.619   359.08908    
10.632   358.99249    
10.644   359.12547    
10.657   358.69539    
10.669   357.37860    
10.682   357.02253    
10.694   358.27311    
10.707   355.54118    
10.719   353.88833    
10.732   352.05779    
10.744   353.47768    
10.757   352.93986    
10.769   352.29155    
10.781   352.34425    
10.794   352.73814    
10.806   350.18809    
10.819   350.87108    
10.831   350.83944    
10.844   350.15668    
10.856   350.33224    
10.869   351.04160    
10.881   342.11537    
10.894   349.47460    
10.906   348.32092    
10.919   347.41950    
10.931   348.52300    
10.944   346.79995    
10.956   346.93371    
10.969   346.92209    
10.981   345.11954    
10.994   345.55744    
11.006   345.97232    
11.019   345.59864    
11.031   343.39216    
11.044   344.75841    
11.056   345.63947    
11.069   343.56988    
11.081   343.39620    
11.094   344.73437    
11.106   343.90158    
11.119   342.60960    
11.131   344.64368    
11.144   344.71651    
11.156   343.86165    
11.169   343.85136    
11.181   345.13769    
11.194   344.83448    
11.206   344.34288    
11.219   344.93026    
11.231   344.54679    
11.244   342.67953    
11.256   343.25735    
11.269   343.93504    
11.281   344.28342    
11.294   344.22642    
11.306   344.42448    
11.319   344.25695    
11.331   343.36218    
11.344   343.01380    
11.356   344.86682    
11.369   344.93151    
11.381   343.64559    
11.394   344.73754    
11.406   345.92218    
11.419   343.75976    
11.431   344.24670    
11.444   345.60089    
11.456   343.77718    
11.469   343.91673    
11.481   346.02059    
11.494   345.87082    
11.506   344.73133    
11.519   345.18141    
11.531   346.07126    
11.544   345.68461    
11.556   346.77611    
11.569   347.21270    
11.581   345.26439    
11.594   345.93878    
11.606   348.68015    
11.619   347.86976    
11.631   346.52790    
11.644   348.27456    
11.656   347.45396    
11.669   348.77591    
11.681   348.40738    
11.694   349.70309    
11.706   348.23025    
11.719   348.86942    
11.731   350.31251    
11.744   341.52667    
11.756   349.37395    
11.769   348.97502    
11.781   350.88962    
11.794   350.87234    
11.806   350.86055    
11.819   351.20859    
11.832   352.01972    
11.844   349.50665    
11.856   352.20294    
11.869   352.71187    
11.882   351.93131    
11.895   352.46695    
11.907   352.96271    
11.920   353.49629    
11.932   352.79335    
11.945   354.46384    
11.957   353.23783    
11.970   352.99841    
11.983   355.10540    
11.995   355.36108    
12.008   354.09571    
12.020   355.19757    
12.033   356.12424    
12.045   356.16228    
12.058   354.98657    
12.070   357.88359    
12.083   357.21776    
12.095   356.84269    
12.108   358.75620    
12.120   359.21990    
12.133   358.28202    
12.145   0.55296      
12.158   1.23416      
12.170   359.38852    
12.183   0.96149      
12.195   0.48800      
12.208   1.42758      
12.220   1.50443      
12.232   1.20352      
12.245   3.57398      
12.257   2.67211      
12.270   3.51941      
12.282   4.91007      
12.294   4.10779      
12.307   4.25338      
12.319   5.36493      
12.332   5.40627      
12.344   5.20962      
12.357   5.82054      
12.369   6.82106      
12.381   5.85456      
12.394   6.26439      
12.407   7.42551      
12.419   6.63997      
12.432   6.67804      
12.444   8.78069      
12.457   11.41776     
12.469   10.79091     
12.482   10.83060     
12.495   10.14495     
12.507   11.88971     
12.520   12.43956     
12.533   12.04389     
12.545   11.77157     
12.558   12.29576     
12.571   10.72865     
12.583   12.48821     
12.596   14.03624     
12.609   13.75293     
12.621   12.16635     
12.634   13.99629     
12.646   13.68118     
12.659   14.37495     
12.672   14.33064     
12.684   16.08044     
12.697   16.39762     
12.709   14.80072     
12.722   14.34618     
12.734   17.48404     
12.747   17.89173     
12.760   17.75940     
12.772   16.77680     
12.785   18.99375     
12.797   16.87392     
12.810   16.43941     
12.822   18.04283     
12.835   17.78944     
12.847   16.40677     
12.860   17.90057     
12.872   17.47192     
12.885   16.70320     
12.897   16.55128     
12.910   18.18351     
12.923   16.18732     
12.936   17.51626     
12.948   18.25898     
12.961   18.05701     
12.973   18.07808     
12.986   17.15793     
12.998   17.37556     
13.011   14.95393     
13.024   15.46078     
13.036   17.01138     
13.049   16.37212     
13.061   15.12347     
13.074   15.58427     
13.087   14.18365     
13.099   14.68506     
13.112   15.61468     
13.124   14.62346     
13.137   13.56405     
13.150   13.80121     
13.162   14.05550     
13.175   12.73640     
13.188   13.62521     
13.201   14.36555     
13.214   13.00514     
13.227   11.73676     
13.239   12.78059     
13.252   11.56732     
13.265   9.24657      
13.278   11.78973     
13.291   11.12760     
13.304   9.06609      
13.316   10.14194     
13.329   10.42748     
13.342   8.97579      
13.355   8.15056      
13.368   9.90830      
13.380   8.76609      
13.393   6.79563      
13.406   8.06291      
13.418   10.54153     
13.431   10.31382     
13.443   6.79645      
13.456   7.47124      
13.468   7.82113      
13.481   5.63096      
13.493   4.27529      
13.506   6.88105      
13.519   3.90224      
13.531   3.78152      
13.544   5.10007      
13.556   3.93266      
13.569   1.63493      
13.582   3.14600      
13.594   3.24721      
13.607   1.88328      
13.619   1.15791      
13.631   1.92731      
13.644   1.12893      
13.656   0.21763      
13.669   1.31174      
13.681   0.37205      
13.694   359.28481    
13.706   359.74870    
13.719   359.86459    
13.732   358.78808    
13.744   357.16922    
13.757   358.02182    
13.769   356.14508    
13.781   356.33941    
13.794   356.21443    
13.806   355.80355    
13.818   354.33057    
13.831   355.33054    
13.843   354.58912    
13.856   354.58912    
13.868   352.81163    
13.881   353.90097    
13.893   353.87668    
13.905   352.43612    
13.918   352.91660    
13.930   351.94490    
13.942   351.50968    
13.954   352.49050    
13.966   348.17728    
13.979   347.53981    
13.991   351.90734    
14.004   349.98883    
14.017   347.84373    
14.029   348.21343    
14.042   349.86255    
14.054   347.26620    
14.067   348.03766    
14.079   349.06255    
14.092   347.78798    
14.104   347.29489    
14.117   348.59560    
14.129   346.44055    
14.143   345.88742    
14.155   347.01197    
14.167   346.12507    
14.180   344.61138    
14.192   344.95090    
14.205   345.90475    
14.217   345.72043    
14.229   345.72043    
14.242   344.82020    
14.254   344.72494    
14.267   346.08237    
14.279   343.79950    
14.291   345.23345    
14.304   346.07724    
14.316   343.43892    
14.328   344.78567    
14.341   345.71621    
14.353   344.16837    
14.365   344.67560    
14.378   346.06894    
14.390   345.79641    
14.403   344.32359    
14.415   345.35185    
14.427   345.63460    
14.439   345.28444    
14.452   345.34401    
14.464   346.30232    
14.477   346.73449    
14.489   344.84316    
14.501   347.10112    
14.513   347.40448    
14.526   345.59998    
14.538   346.18311    
14.550   347.09678    
14.563   347.84739    
14.575   347.27510    
14.587   346.48707    
14.600   349.00034    
14.612   348.16943    
14.624   346.87255    
14.636   349.97127    
14.649   347.64003    
14.661   347.98597    
14.673   350.46822    
14.685   350.03154    
14.698   348.37969    
14.710   349.56531    
14.722   350.00542    
14.735   349.61114    
14.747   350.84595    
14.760   351.47807    
14.773   350.87800    
14.786   351.31170    
14.799   352.21555    
14.812   352.63781    
14.825   351.13036    
14.838   353.13765    
14.851   352.21403    
14.863   352.64471    
14.875   352.70021    
14.889   354.43609    
14.902   352.34153    
14.915   353.66182    
14.928   354.54852    
14.940   353.86409    
14.953   354.27865    
14.966   356.12540    
14.979   355.71992    
14.992   355.32029    
15.005   357.09618    
15.018   356.45118    
15.031   355.37479    
15.043   357.83515    
15.056   357.88652    
15.068   357.70131    
15.081   358.06133    
15.093   359.53705    
15.105   358.35232    
15.118   358.37748    
15.130   358.76743    
15.143   0.56709      
15.155   1.68686      
15.168   0.90909      
15.180   2.42850      
15.193   3.00174      
15.205   2.20260      
15.218   2.90545      
15.230   4.33563      
15.243   4.24813      
15.255   2.55446      
15.268   4.31355      
15.281   4.84881      
15.293   3.79187      
15.306   5.12382      
15.318   5.96698      
15.331   5.40328      
15.344   6.11272      
15.356   6.61538      
15.369   6.37241      
15.381   6.35076      
15.394   7.29529      
15.406   6.41738      
15.419   5.71814      
15.431   6.82959      
15.444   8.52689      
15.456   6.74998      
15.468   8.49659      
15.481   12.00744     
15.493   11.80213     
15.506   14.66502     
15.518   12.13448     
15.531   11.39127     
15.543   14.61482     
15.556   14.61482     
15.568   13.60871     
15.581   11.87137     
15.593   15.45054     
15.606   15.55032     
15.618   13.58203     
15.631   16.36305     
15.643   15.50467     
15.655   15.07001     
15.668   14.98866     
15.680   17.10127     
15.692   18.62499     
15.705   16.85537     
15.717   17.91543     
15.730   19.98833     
15.742   17.67632     
15.754   18.65764     
15.767   19.88237     
15.779   19.39434     
15.791   19.00024     
15.804   19.79508     
15.816   19.62075     
15.828   19.41547     
15.841   19.24737     
15.853   18.96681     
15.865   16.85899     
15.878   16.85899     
15.890   19.07420     
15.902   19.29768     
15.915   17.37790     
15.927   17.11017     
15.940   19.82813     
15.953   18.42842     
15.966   17.15740     
15.979   17.04093     
15.991   18.59455     
16.003   17.87162     
16.016   17.80240     
16.028   18.62158     
16.040   16.54817     
16.052   16.64402     
16.064   18.25530     
16.076   17.39830     
16.088   15.91445     
16.100   17.31139     
16.113   16.08044     
16.125   13.61478     
16.137   14.52648     
16.149   16.17987     
16.161   14.08504     
16.173   14.08504     
16.186   12.98103     
16.198   13.78123     
16.210   13.37822     
16.222   13.60699     
16.239   13.95095     
16.251   11.57166     
16.264   10.69962     
16.276   12.29055     
16.288   12.10036     
16.301   10.13767     
16.313   10.62716     
16.325   12.51827     
16.338   9.72701      
16.350   9.94376      
16.363   11.11794     
16.375   9.39231      
16.387   7.90071      
16.401   9.22341      
16.413   10.50546     
16.425   8.49613      
16.438   8.89323      
16.450   9.00273      
16.463   8.04203      
16.475   8.57556      
16.487   9.37114      
16.500   6.05600      
16.512   7.12003      
16.525   7.57190      
16.537   6.76719      
16.549   4.50265      
16.562   6.71330      
16.574   5.42129      
16.586   3.93489      
16.599   3.93489      
16.611   5.23615      
16.624   5.37648      
16.636   3.57633      
16.648   3.83388      
16.661   3.67575      
16.673   2.39915      
16.685   0.46532      
16.697   1.74223      
16.709   358.93355    
16.721   358.72740    
16.733   0.09899      
16.746   359.29197    
16.758   358.53170    
16.770   359.16206    
16.782   358.82515    
16.794   359.13602    
16.806   356.57900    
16.818   357.68415    
16.831   356.42367    
16.843   356.45908    
16.855   355.46561    
16.867   357.51292    
16.879   355.36100    
16.891   354.24679    
16.904   356.36018    
16.916   355.74632    
16.929   354.29689    
16.941   355.27130    
16.954   354.38397    
16.967   354.44446    
16.980   353.32829    
16.993   353.88318    
17.006   349.89195    
17.019   351.04510    
17.031   350.74174    
17.043   350.75589    
17.056   352.09573    
17.068   351.39009    
17.080   349.29709    
17.093   351.44272    
17.105   350.92895    
17.117   348.36844    
17.130   349.26407    
17.142   349.16915    
17.154   347.96332    
17.167   346.39267    
17.179   348.17061    
17.191   349.82330    
17.204   348.25981    
17.216   346.37146    
17.229   346.33491    
17.241   346.86828    
17.253   346.43362    
17.266   344.28049    
17.278   347.64249    
17.290   345.56012    
17.303   345.14658    
17.315   345.77524    
17.328   346.05880    
17.340   343.37799    
17.352   345.79957    
17.365   346.48375    
17.377   345.73463    
17.390   345.93821    
17.403   346.93371    
17.415   346.79277    
17.428   344.28193    
17.443   347.39407    
17.456   346.45720    
17.469   346.20261    
17.482   346.06606    
17.495   347.01213    
17.508   347.32738    
17.520   345.50509    
17.533   348.29588    
17.546   347.85422    
17.558   346.01589    
17.571   347.56964    
17.584   348.26990    
17.596   346.94754    
17.609   347.96129    
17.621   349.65058    
17.634   347.48472    
17.647   348.06943    
17.659   349.79184    
17.672   347.52919    
17.684   348.34316    
17.697   350.32664    
17.710   349.50135    
17.723   348.83646    
17.735   348.93136    
17.748   350.06479    
17.761   348.82857    
17.774   349.16761    
17.786   351.06995    
17.799   348.64375    
17.812   350.38359    
17.824   351.52924    
17.837   350.49667    
17.850   351.09850    
17.862   351.77306    
17.875   352.82075    
17.887   352.42532    
17.901   354.30006    
17.913   353.51942    
17.926   353.62928    
17.938   353.62928    
17.950   353.53407    
17.963   356.13554    
17.975   354.92080    
17.987   355.60538    
18.000   356.42593    
18.012   356.23888    
18.024   354.93661    
18.037   357.87685    
18.049   357.89749    
18.061   356.93675    
18.073   357.31333    
18.086   359.83071    
18.098   358.77685    
18.110   358.24697    
18.123   0.59756      
18.135   359.52223    
18.147   359.29900    
18.160   0.75676      
18.172   0.73020      
18.184   359.56595    
18.196   0.94741      
18.209   1.02170      
18.222   2.60422      
18.234   2.76772      
18.246   3.51174      
18.258   4.64121      
18.271   3.70559      
18.283   3.84075      
18.295   4.31072      
18.307   5.28075      
18.320   4.64121      
18.332   5.26837      
18.344   5.85551      
18.356   5.78067      
18.369   6.47602      
18.381   6.67447      
18.393   5.84864      
18.406   7.62189      
18.419   7.86607      
18.431   9.60687      
18.444   12.58987     
18.456   10.02815     
18.469   10.41777     
18.482   13.13812     
18.494   12.73947     
18.507   11.91757     
18.520   13.85768     
18.532   14.69894     
18.545   13.97513     
18.558   14.85985     
18.570   15.15325     
18.583   13.83984     
18.595   12.65458     
18.608   13.17387     
18.621   15.21222     
18.633   15.92000     
18.646   14.62695     
18.659   17.96415     
18.672   15.54826     
18.684   16.47601     
18.697   16.21324     
18.709   17.06775     
18.722   15.36533     
18.734   16.10572     
18.746   19.45835     
18.759   18.93316     
18.771   17.37392     
18.783   18.38848     
18.795   19.08296     
18.807   18.38749     
18.820   18.03851     
18.832   18.94620     
18.844   18.65503     
18.856   16.89266     
18.868   18.89129     
18.880   19.81733     
18.892   18.79862     
18.905   17.71804     
18.917   19.87193     
18.929   19.87193     
18.941   19.28221     
18.953   17.47625     
18.966   18.82292     
18.978   18.40278     
18.990   16.66334     
19.002   17.35402     
19.014   17.34182     
19.027   16.98531     
19.039   17.11364     
19.051   16.56932     
19.064   15.63031     
19.076   16.27244     
19.088   16.31822     
19.101   15.51325     
19.113   14.18807     
19.125   16.73238     
19.138   16.52123     
19.150   13.27255     
19.163   13.93376     
19.175   16.28423     
19.188   15.25325     
19.200   12.42629     
19.213   14.37984     
19.226   14.53672     
19.238   13.74389     
19.250   11.82587     
19.263   12.68341     
19.275   11.69693     
19.288   10.06659     
19.300   11.21632     
19.312   11.01370     
19.325   11.06570     
19.337   10.22855     
19.350   10.66432     
19.362   9.57298      
19.375   7.31580      
19.387   8.71885      
19.400   8.20403      
19.412   6.82399      
19.425   7.35703      
19.437   7.08010      
19.450   4.38438      
19.462   5.09847      
19.475   5.90125      
19.487   3.37006      
19.500   4.07120      
19.512   4.10890      
19.525   3.74809      
19.537   1.35814      
19.550   3.12249      
19.562   2.01205      
19.575   1.21001      
19.587   2.11426      
19.600   3.48100      
19.612   0.82594      
19.624   0.81279      
19.637   1.88275      
19.649   2.09573      
19.662   0.41518      
19.674   359.24562    
19.687   359.94048    
19.699   358.51398    
19.712   357.38315    
19.724   358.55365    
19.737   358.63419    
19.749   355.96759    
19.762   357.06383    
19.774   356.57730    
19.787   354.72940    
19.799   354.59518    
19.812   356.79463    
19.824   354.68501    
19.837   353.73837    
19.849   355.15028    
19.862   353.40154    
19.875   353.28456    
19.887   354.19424    
19.899   353.26414    
19.912   351.69890    
19.924   352.47725    
19.937   353.33856    
19.949   348.90663    
19.961   349.42624    
19.974   347.90783    
19.986   348.11788    
19.998   357.42768    
20.011   350.40611    
20.023   347.22182    
20.035   345.93720    
20.048   348.06688    
20.060   347.70200    
20.072   345.97263    
20.085   347.86183    
20.097   346.78989    
20.109   345.63455    
20.122   345.68577    
20.134   346.61168    
20.147   345.10766    
20.159   344.76559    
20.171   346.85157    
20.183   346.06504    
20.196   344.07656    
20.208   345.98104    
20.220   344.75293    
20.233   344.36686    
20.245   344.04241    
20.258   345.23364    
20.271   344.06638    
20.283   343.08767    
20.296   344.79869    
20.309   344.87839    
20.322   344.86361    
20.335   344.10925    
20.347   346.05689    
20.360   343.94254    
20.372   344.80123    
20.385   344.80123    
20.397   345.50649    
20.409   343.71835    
20.422   344.21548    
20.434   345.40663    
20.446   345.88525    
20.459   343.93262    
20.471   343.61556    
20.483   345.72438    
20.496   345.87911    
20.508   345.33570    
20.520   346.51446    
20.532   345.12914    
20.545   344.96395    
20.557   346.69981    
20.569   346.70567    
20.582   345.96376    
20.594   346.87267    
20.606   347.48434    
20.618   346.38308    
20.631   346.25796    
20.643   348.91216    
20.655   347.40333    
20.668   347.09185    
20.680   346.44562    
20.692   349.56987    
20.704   348.65875    
20.716   348.24341    
20.729   348.34952    
20.741   349.13133    
20.753   349.47460    
20.766   349.34942    
20.778   351.54981    
20.790   349.78619    
20.803   350.48194    
20.815   352.41404    
20.827   352.20204    
20.840   351.31415    
20.852   353.16234    
20.864   353.06419    
20.876   353.15071    
20.889   352.10111    
20.901   354.41836    
20.913   350.99415    
20.926   353.37225    
20.938   353.54905    
20.950   355.96207    
20.962   354.86995    
20.974   355.46495    
20.987   355.94366    
20.999   357.40276    
21.011   356.18225    
21.023   358.77269    
21.035   358.55636    
21.048   358.21621    
21.060   358.95665    
21.072   359.98055    
21.085   359.63371    
21.097   359.41498    
21.109   1.90538      
21.121   0.82614      
21.133   1.63377      
21.146   3.36069      
21.158   3.29179      
21.170   3.29179      
21.182   2.83164      
21.195   3.90578      
21.207   4.37949      
21.219   2.87589      
21.231   3.83071      
21.243   5.20365      
21.255   4.77690      
21.268   3.85523      
21.280   8.92714      
21.292   7.91984      
21.304   9.06650      
21.317   8.90550      
21.329   9.46935      
21.341   10.81272     
21.353   9.38098      
21.365   9.93563      
21.377   10.93856     
21.390   12.14402     
21.402   12.14402     
21.414   9.99222      
21.426   10.99559     
21.439   13.02432     
21.451   12.39336     
21.463   12.66483     
21.476   14.66202     
21.488   15.04124     
21.500   14.77983     
21.512   15.11332     
21.525   16.82470     
21.537   14.16844     
21.549   14.65450     
21.561   16.11750     
21.574   16.84920     
21.586   16.59406     
21.598   16.43807     
21.611   18.91710     
21.623   15.56873     
21.635   17.29045     
21.647   17.16481     
21.660   15.05612     
21.672   15.13219     
21.685   16.86642     
21.697   17.53096     
21.709   19.05291     
21.722   16.58865     
21.734   17.87803     
21.746   17.73567     
21.758   15.98928     
21.771   15.86803     
21.783   16.48891     
21.795   15.86030     
21.808   13.75263     
21.820   15.49743     
21.832   16.74046     
21.845   14.65068     
21.857   14.11829     
21.869   15.46419     
21.881   13.75526     
21.894   14.25364     
21.906   15.86030     
21.918   13.44159     
21.931   11.56585     
21.943   12.90049     
21.955   12.84372     
21.969   13.92527     
21.981   11.61991     
21.993   13.01220     
22.005   13.90207     
22.018   12.76426     
22.030   12.00573     
22.043   12.59646     
22.055   10.91649     
22.068   10.72382     
22.080   11.29781     
22.093   11.03847     
22.106   10.73308     
22.118   11.66611     
22.131   10.56409     
22.143   8.71550      
22.156   10.26430     
22.169   9.66946      
22.183   8.52003      
22.197   8.97153      
22.209   8.83314      
22.222   6.90936      
22.235   6.93377      
22.247   7.43409      
22.259   5.82427      
22.272   6.17416      
22.285   5.91253      
22.297   6.81117      
22.310   4.28208      
22.322   5.88180      
22.335   6.50563      
22.347   4.05306      
22.360   3.03557      
22.372   3.45759      
22.385   2.69211      
22.397   1.12051      
22.410   2.36201      
22.423   2.62160      
22.435   359.85490    
22.448   1.05707      
22.460   0.56540      
22.473   359.24989    
22.486   358.81571    
22.499   358.58342    
22.511   358.00167    
22.524   356.69121    
22.537   357.51808    
22.549   356.54299    
22.562   354.47309    
22.574   355.75846    
22.587   354.84695    
22.600   354.89643    
22.612   353.34491    
22.625   353.87902    
22.637   355.29333    
22.650   352.56945    
22.663   353.40024    
22.676   353.95933    
22.688   351.40138    
22.700   349.83144    
22.713   349.88039    
22.725   347.06486    
22.738   350.70108    
22.751   349.14283    
22.763   347.77488    
22.776   348.95683    
22.789   348.82902    
22.802   347.40667    
22.814   346.83242    
22.827   348.29473    
22.840   345.41428    
22.854   346.11594    
22.867   346.57407    
22.880   346.65279    
22.893   345.46618    
22.905   346.29776    
22.918   346.22769    
22.931   343.95219    
22.943   345.70633    
22.955   345.20492    
22.967   346.01813    
22.979   344.02166    
22.991   346.69788    
23.004   345.46875    
23.016   345.19380    
23.028   345.11091    
23.040   346.70302    
23.052   343.81675    
23.064   345.45451    
23.076   346.66057    
23.088   346.66057    
23.101   344.92741    
23.113   344.54669    
23.125   345.31796    
23.137   345.81357    
23.149   343.50892    
23.161   346.30545    
23.173   345.45470    
23.185   345.22369    
23.198   344.05713    
23.210   345.63455    
23.222   345.24621    
23.234   344.96704    
23.246   346.63894    
23.259   346.12479    
23.271   345.33866    
23.283   346.17487    
23.296   347.05121    
23.308   346.18126    
23.321   347.05531    
23.333   347.13546    
23.345   347.52122    
23.358   347.73601    
23.370   347.41007    
23.382   347.21818    
23.395   349.30309    
23.407   346.70822    
23.420   347.58886    
23.432   349.76317    
23.444   348.39460    
23.457   349.77812    
23.469   350.51960    
23.482   350.43269    
23.494   349.62891    
23.507   351.96666    
23.519   352.07973    
23.532   351.54981    
23.544   353.23738    
23.557   353.10860    
23.569   352.03612    
23.581   352.61329    
23.594   354.10966    
23.607   353.09979    
23.619   352.55822    
23.632   354.70921    
23.644   354.70433    
23.656   353.52725    
23.669   355.87988    
23.681   356.10289    
23.694   356.08508    
23.706   355.25533    
23.719   357.30189
