3.735   174.08808    
3.748   173.68253    
3.760   172.33679    
3.772   173.86732    
3.785   173.86732    
3.797   173.87105    
3.810   172.95444    
3.823   173.47757    
3.835   173.78197    
3.848   173.62064    
3.860   172.87498    
3.873   173.38681    
3.886   173.50089    
3.898   171.46407    
3.911   170.99667    
3.923   170.45977    
3.936   171.83144    
3.948   171.13332    
3.960   170.56754    
3.973   170.35230    
3.986   170.49588    
3.998   169.75443    
4.011   169.73585    
4.024   170.13040    
4.036   167.70249    
4.049   167.61619    
4.062   168.01586    
4.074   167.37345    
4.087   166.83307    
4.099   168.00489    
4.112   167.20864    
4.125   166.21225    
4.137   166.25095    
4.150   166.37772    
4.163   164.60420    
4.175   164.28381    
4.188   165.61816    
4.201   164.63144    
4.214   163.41229    
4.226   164.60820    
4.239   163.92095    
4.252   163.58156    
4.265   163.00021    
4.277   162.78999    
4.290   162.14545    
4.302   162.20134    
4.315   163.37017    
4.327   162.65229    
4.340   162.11644    
4.352   162.63331    
4.366   160.63255    
4.378   161.08618    
4.390   161.15600    
4.403   160.33672    
4.415   160.30363    
4.428   159.70638    
4.440   160.71821    
4.453   160.28877    
4.465   158.51314    
4.478   158.96376    
4.490   159.63620    
4.503   158.20836    
4.515   157.87028    
4.527   158.43129    
4.540   157.15878    
4.552   155.80477    
4.565   155.86998    
4.577   155.94827    
4.590   154.99682    
4.602   155.31510    
4.615   155.16808    
4.628   155.13063    
4.640   154.79072    
4.653   154.89364    
4.665   153.77826    
4.678   152.94341    
4.691   152.31091    
4.703   152.62707    
4.716   151.89475    
4.728   152.76572    
4.741   151.63575    
4.753   151.63505    
4.766   149.56397    
4.778   150.31186    
4.790   150.13519    
4.804   148.73110    
4.816   149.54056    
4.829   148.99327    
4.841   147.81958    
4.853   148.13441    
4.866   147.81015    
4.879   148.99371    
4.891   146.43591    
4.904   147.28621    
4.916   147.30864    
4.929   145.42138    
4.942   145.12907    
4.954   144.60520    
4.967   145.20648    
4.980   144.02167    
4.992   143.98604    
5.005   143.13655    
5.017   141.91227    
5.030   141.94450    
5.042   142.40425    
5.055   141.50573    
5.068   140.50313    
5.081   141.16735    
5.094   140.69317    
5.107   140.06447    
5.120   138.74623    
5.133   138.15145    
5.146   136.96780    
5.158   138.38408    
5.171   138.10819    
5.184   137.00124    
5.197   135.70362    
5.210   136.17914    
5.223   135.54018    
5.236   134.64780    
5.248   134.02157    
5.261   134.08955    
5.274   132.87636    
5.287   131.65284    
5.300   132.86438    
5.313   132.38091    
5.326   131.30135    
5.339   132.24047    
5.351   130.64155    
5.364   131.15058    
5.377   130.54699    
5.390   130.44418    
5.403   128.96069    
5.417   128.44642    
5.430   128.44185    
5.443   128.51770    
5.456   127.18933    
5.469   126.74075    
5.482   126.61157    
5.495   124.31357    
5.507   125.88214    
5.521   124.98797    
5.533   125.17345    
5.546   126.08136    
5.559   122.68588    
5.572   122.86997    
5.585   122.95970    
5.598   121.91482    
5.611   121.42248    
5.624   119.96235    
5.637   119.63864    
5.649   119.95020    
5.662   118.01011    
5.675   118.35685    
5.687   118.55760    
5.700   115.90693    
5.712   118.31079    
5.724   116.30796    
5.737   115.81859    
5.749   115.28230    
5.762   116.58748    
5.774   115.87718    
5.787   114.16682    
5.799   114.33851    
5.811   114.86184    
5.824   112.37923    
5.836   112.39223    
5.848   111.97256    
5.861   110.64561    
5.873   111.27777    
5.886   110.88388    
5.898   111.54056    
5.911   109.92457    
5.923   108.96160    
5.935   108.77240    
5.948   108.77240    
5.960   107.89596    
5.973   107.30025    
5.985   106.40060    
5.998   105.71021    
6.010   104.51990    
6.023   104.70809    
6.035   103.89397    
6.047   105.11757    
6.060   101.73674    
6.072   102.89689    
6.085   102.10842    
6.097   100.01115    
6.109   98.38212     
6.122   97.91251     
6.135   98.92530     
6.147   96.50642     
6.160   95.76970     
6.172   95.80130     
6.185   96.59242     
6.198   92.69943     
6.210   94.44159     
6.223   93.62310     
6.235   92.10431     
6.248   91.96303     
6.260   90.91783     
6.273   90.40387     
6.285   90.18323     
6.298   87.81489     
6.310   88.00534     
6.323   88.37450     
6.335   84.74704     
6.348   86.57207     
6.360   87.07016     
6.373   84.03801     
6.385   83.82474     
6.397   81.56607     
6.410   81.73169     
6.422   81.95322     
6.434   79.69515     
6.447   77.87872     
6.459   77.22952     
6.471   77.82587     
6.484   73.72289     
6.496   74.24540     
6.508   74.79653     
6.521   73.60022     
6.533   72.78447     
6.545   70.97959     
6.558   70.13057     
6.570   68.96102     
6.582   70.03112     
6.595   68.43265     
6.607   68.55017     
6.619   68.40024     
6.632   65.80112     
6.644   63.95238     
6.656   64.15414     
6.669   64.98692     
6.681   63.07408     
6.693   60.90662     
6.706   60.88527     
6.718   59.89453     
6.730   58.79431     
6.743   55.71233     
6.755   55.81127     
6.768   56.20443     
6.780   55.55998     
6.792   55.20131     
6.804   55.00626     
6.817   50.70913     
6.829   49.12191     
6.841   50.08058     
6.854   49.06993     
6.866   48.72459     
6.878   48.12989     
6.891   45.94115     
6.903   44.04440     
6.915   44.14311     
6.928   43.74643     
6.940   41.75234     
6.952   41.75234     
6.965   41.82263     
6.977   41.94108     
6.989   39.76240     
7.002   39.43845     
7.014   36.97069     
7.027   36.63722     
7.039   36.11221     
7.052   35.09059     
7.064   34.56933     
7.077   32.80406     
7.090   33.38337     
7.102   33.55047     
7.115   31.19868     
7.128   29.31298     
7.141   28.10627     
7.153   28.65756     
7.165   27.19254     
7.179   25.77931     
7.192   27.97826     
7.204   25.05579     
7.216   24.63524     
7.228   25.32243     
7.240   22.92431     
7.253   21.61365     
7.265   21.59612     
7.277   17.37877     
7.289   18.85166     
7.302   18.87438     
7.314   17.31192     
7.326   17.48022     
7.339   17.36186     
7.351   17.45592     
7.363   15.88877     
7.375   13.89999     
7.388   13.78515     
7.400   13.96500     
7.412   11.46208     
7.425   11.67531     
7.437   12.60970     
7.449   9.46232      
7.461   9.19805      
7.474   9.74923      
7.486   6.74712      
7.498   6.86720      
7.510   7.93517      
7.523   6.61021      
7.535   4.40686      
7.548   5.04739      
7.560   4.68625      
7.572   1.90080      
7.585   2.35766      
7.597   3.20274      
7.609   1.26154      
7.622   1.27442      
7.634   0.36317      
7.647   1.31666      
7.660   359.06996    
7.672   357.95164    
7.685   358.74118    
7.697   355.85331    
7.709   355.82059    
7.721   355.36620    
7.733   356.47507    
7.745   353.09672    
7.757   354.15912    
7.770   353.30568    
7.782   351.44566    
7.794   352.46792    
7.806   352.95582    
7.818   351.52157    
7.830   349.76520    
7.842   350.74866    
7.854   349.72617    
7.867   349.72617    
7.879   347.59881    
7.891   348.77560    
7.903   348.40317    
7.916   346.49881    
7.928   345.70707    
7.940   346.93767    
7.952   345.48365    
7.965   342.96223    
7.977   342.00583    
7.989   342.77547    
8.001   344.27757    
8.014   341.49592    
8.026   340.96247    
8.038   341.92340    
8.050   340.82490    
8.063   339.14978    
8.075   339.85768    
8.087   339.47588    
8.099   337.80046    
8.112   339.14810    
8.124   339.16172    
8.136   340.12626    
8.149   338.62114    
8.161   336.07737    
8.173   338.26537    
8.186   336.39485    
8.198   336.29611    
8.210   335.00735    
8.223   336.71546    
8.235   335.33510    
8.247   333.83873    
8.259   335.96524    
8.272   334.18621    
8.284   333.31481    
8.297   334.88723    
8.309   335.18076    
8.322   331.28079    
8.334   333.38257    
8.347   333.36653    
8.359   334.12190    
8.371   333.98884    
8.384   335.14174    
8.396   332.63403    
8.409   331.91322    
8.421   332.78535    
8.434   332.78535    
8.446   333.53789    
8.458   333.45127    
8.471   333.02625    
8.483   334.39923    
8.496   332.57696    
8.508   331.95985    
8.521   334.15456    
8.533   333.04467    
8.546   331.17434    
8.558   334.16583    
8.571   334.33323    
8.583   332.26496    
8.596   333.34820    
8.608   333.76478    
8.620   332.62409    
8.633   332.88235    
8.647   333.92646    
8.660   332.85337    
8.673   331.61370    
8.687   334.51603    
8.700   334.70588    
8.713   332.32751    
8.726   333.55606    
8.740   334.04585    
8.753   332.53154    
8.766   333.87705    
8.779   334.71741    
8.793   334.39077    
8.806   334.62050    
8.818   334.56337    
8.831   335.94956    
8.845   334.50219    
8.858   335.43825    
8.871   336.01991    
8.884   335.87266    
8.897   336.51123    
8.911   337.37422    
8.924   335.42837    
8.937   338.10353    
8.950   338.41662    
8.964   336.96317    
8.977   338.68933    
8.990   339.73843    
9.003   338.43549    
9.017   338.20931    
9.030   340.57593    
9.043   338.08040    
9.056   339.21012    
9.070   340.48081    
9.083   341.24577    
9.096   338.73785    
9.109   339.15968    
9.122   340.87332    
9.135   339.60109    
9.148   339.75767    
9.161   340.88394    
9.174   340.93413    
9.187   340.83390    
9.201   343.01609    
9.214   341.03071    
9.227   340.40064    
9.240   341.72668    
9.253   342.75410    
9.266   341.22999    
9.279   342.38481    
9.292   342.93880    
9.305   343.75783    
9.318   341.87779    
9.331   346.17052    
9.344   344.62565    
9.357   344.62927    
9.370   345.57123    
9.384   346.65816    
9.396   345.65363    
9.408   346.60472    
9.421   348.70881    
9.434   347.56327    
9.447   347.46911    
9.460   349.16094    
9.473   348.53075    
9.486   347.46067    
9.499   349.00962    
9.511   349.72453    
9.524   348.86056    
9.537   350.94526    
9.550   350.86911    
9.563   349.67214    
9.576   350.47521    
9.589   351.81810    
9.602   351.35920    
9.614   350.32128    
9.628   353.34029    
9.640   352.10242    
9.652   352.60759    
9.665   353.08463    
9.677   354.80013    
9.689   353.62305    
9.702   353.94286    
9.714   356.38884    
9.726   354.08218    
9.738   355.16037    
9.751   356.71146    
9.763   355.95094    
9.775   355.32775    
9.788   356.71900    
9.800   358.24502    
9.812   356.59587    
9.825   357.14953    
9.838   0.02071      
9.850   358.03291    
9.863   358.11725    
9.876   0.29332      
9.889   358.29923    
9.901   8.26996      
9.914   359.69823    
9.926   0.72079      
9.939   359.81701    
9.951   0.97473      
9.964   1.65718      
9.976   2.64286      
9.989   1.99549      
10.001  2.40106      
10.013  3.32975      
10.025  3.92075      
10.037  4.05118      
10.049  3.44475      
10.062  5.71059      
10.074  5.14732      
10.086  6.08398      
10.098  5.67187      
10.110  5.13435      
10.123  6.88380      
10.135  6.83868      
10.147  5.69471      
10.159  5.78006      
10.171  5.78006      
10.184  8.05093      
10.196  8.81823      
10.208  12.15653     
10.220  11.31425     
10.233  9.24365      
10.245  11.14914     
10.258  9.96162      
10.270  10.49226     
10.282  12.34546     
10.295  11.13377     
10.307  10.51666     
10.319  12.44496     
10.332  13.07680     
10.344  13.23931     
10.357  12.94909     
10.369  14.47756     
10.382  12.63056     
10.394  13.62885     
10.406  14.92997     
10.418  15.02587     
10.430  15.11785     
10.443  14.44342     
10.455  16.69527     
10.468  17.11054     
10.480  15.00092     
10.492  15.61874     
10.505  17.23256     
10.517  14.99018     
10.529  15.89000     
10.542  18.14231     
10.554  19.24414     
10.566  17.51570     
10.578  17.51584     
10.591  18.46859     
10.603  18.85874     
10.615  16.46377     
10.628  19.09509     
10.640  16.77262     
10.652  18.17833     
10.664  18.80373     
10.676  17.65780     
10.689  16.25155     
10.701  17.70955     
10.714  17.20870     
10.726  16.59770     
10.738  16.59770     
10.750  16.77898     
10.762  18.31471     
10.774  17.32543     
10.787  15.33328     
10.799  16.76871     
10.811  17.53096     
10.823  13.76713     
10.835  16.89574     
10.847  17.85964     
10.859  14.68040     
10.871  15.57819     
10.883  16.04199     
10.896  16.44071     
10.908  14.64504     
10.920  17.09498     
10.932  16.76279     
10.944  16.76279     
10.956  14.87504     
10.968  15.78857     
10.980  15.85422     
10.993  14.22568     
11.005  15.00981     
11.017  16.41652     
11.029  15.23826     
11.041  14.69097     
11.054  15.77530     
11.066  15.00634     
11.078  15.18706     
11.090  14.38600     
11.102  14.86663     
11.115  12.86971     
11.127  13.73016     
11.139  13.09047     
11.151  12.36444     
11.164  11.26429     
11.176  11.26429     
11.190  13.50980     
11.202  11.55175     
11.214  11.82587     
11.227  12.19210     
11.239  12.63894     
11.251  9.88075      
11.264  12.32736     
11.276  10.95608     
11.288  10.15823     
11.301  8.44895      
11.313  10.20876     
11.325  10.45143     
11.337  7.83010      
11.350  9.91175      
11.362  9.26410      
11.374  8.80825      
11.387  8.11555      
11.400  9.43444      
11.412  6.62151      
11.424  8.44352      
11.436  8.64163      
11.448  6.77422      
11.460  5.03155      
11.472  7.85964      
11.485  7.74873      
11.497  5.94686      
11.509  5.02565      
11.521  5.58087      
11.533  6.81127      
11.545  5.93126      
11.557  5.62746      
11.570  6.89036      
11.582  5.23309      
11.594  4.01831      
11.606  5.22198      
11.618  5.82592      
11.630  3.13888      
11.643  5.13615      
11.655  3.72180      
11.667  3.06426      
11.679  2.94707      
11.692  2.94707      
11.704  4.45693      
11.716  3.26988      
11.728  1.50202      
11.740  3.18439      
11.752  1.44430      
11.765  0.98915      
11.777  0.43912      
11.789  1.05479      
11.801  0.50082      
11.813  0.10275      
11.827  0.67524      
11.840  358.89288    
11.852  358.64795    
11.865  0.23019      
11.878  358.66635    
11.891  358.03396    
11.904  358.53067    
11.916  358.92936    
11.929  358.37545    
11.941  357.07428    
11.953  358.14661    
11.966  357.02114    
11.978  355.75073    
11.991  357.56720    
12.003  356.14519    
12.015  355.77988    
12.028  356.60789    
12.040  355.58727    
12.053  354.93058    
12.065  355.16754    
12.078  355.78735    
12.090  355.93718    
12.102  354.14552    
12.115  354.37254    
12.127  355.00840    
12.140  353.73699    
12.152  353.36129    
12.165  354.43840    
12.177  353.90473    
12.189  353.22140    
12.202  353.95849    
12.215  354.25361    
12.227  351.20259    
12.240  351.84567    
12.252  349.52916    
12.265  350.60574    
12.277  351.21680    
12.289  349.52718    
12.302  350.43853    
12.316  351.15511    
12.328  349.59581    
12.340  348.73121    
12.353  349.90426    
12.365  348.91257    
12.377  348.04632    
12.389  349.66869    
12.402  348.80766    
12.414  347.71664    
12.426  347.37818    
12.439  349.17533    
12.451  339.91191    
12.463  347.29961    
12.476  345.72844    
12.488  347.54484    
12.501  346.24679    
12.513  345.65966    
12.525  347.72798    
12.537  347.44794    
12.550  346.52486    
12.562  346.94558    
12.574  347.54001    
12.587  346.97527    
12.599  346.13009    
12.611  346.85207    
12.624  346.91566    
12.637  346.15460    
12.649  346.46696    
12.661  346.40007    
12.674  345.80304    
12.686  345.87017    
12.698  347.80502    
12.711  346.91544    
12.723  346.20277    
12.736  348.09831    
12.748  347.08167    
12.760  346.80316    
12.773  347.96791    
12.786  347.70521    
12.799  346.10187    
12.812  345.52292    
12.824  346.26839    
12.836  347.69507    
12.848  346.99843    
12.860  347.15697    
12.873  347.42279    
12.885  345.37666    
12.897  346.59947    
12.909  347.77675    
12.922  347.33264    
12.934  345.37514    
12.947  346.61371    
12.960  347.84241    
12.972  346.58957    
12.984  346.74305    
12.997  347.80418    
13.009  346.74286    
13.021  345.85871    
13.033  347.40784    
13.046  347.66212    
13.058  345.80570    
13.070  348.73916    
13.082  348.73916    
13.094  348.69386    
13.106  347.99216    
13.118  347.85498    
13.131  349.07889    
13.143  347.35093    
13.155  348.00218    
13.167  349.64522    
13.179  348.87740    
13.191  348.95006    
13.204  349.63223    
13.216  350.70982    
13.229  348.58638    
13.241  349.87666    
13.254  350.99805    
13.266  349.31833    
13.279  349.18721    
13.291  351.29457    
13.304  350.58181    
13.316  350.34051    
13.328  351.49487    
13.341  352.20649    
13.353  350.32400    
13.366  351.26704    
13.378  351.26704    
13.392  351.21123    
13.404  351.21123    
13.416  351.49990    
13.429  352.99222    
13.441  352.27523    
13.454  352.28973    
13.467  352.96135    
13.479  352.69864    
13.492  351.85089    
13.505  353.05413    
13.518  353.32847    
13.531  351.59397    
13.544  352.70785    
13.557  354.24988    
13.570  352.93757    
13.583  353.31675    
13.596  354.95522    
13.609  354.04672    
13.621  354.11182    
13.635  355.40192    
13.647  354.74327    
13.659  354.57702    
13.672  355.54917    
13.684  355.57265    
13.698  356.05822    
13.710  353.94985    
13.722  356.15122    
13.735  356.33886    
13.747  355.04422    
13.759  356.46064    
13.771  357.57800    
13.783  356.45205    
13.796  357.09872    
13.808  359.06828    
13.820  357.33393    
13.833  357.70390    
13.845  359.46694    
13.857  358.85744    
13.869  357.95317    
13.881  359.52063    
13.893  0.74779      
13.906  0.76784      
13.918  359.46510    
13.930  359.51346    
13.942  0.80170      
13.954  3.63900      
13.967  1.22787      
13.979  0.92670      
13.991  2.56284      
14.003  3.06287      
14.015  1.73016      
14.027  1.81152      
14.039  2.48867      
14.052  2.48866      
14.064  2.06834      
14.076  2.87243      
14.088  4.19230      
14.101  3.11577      
14.113  3.73140      
14.126  3.72965      
14.138  2.88456      
14.150  2.88862      
14.163  4.40024      
14.175  5.64716      
14.187  3.93489      
14.201  4.28915      
14.213  6.33802      
14.225  7.25282      
14.237  4.85986      
14.249  5.76053      
14.261  8.09831      
14.274  5.71880      
14.286  6.47381      
14.298  8.21832      
14.310  7.13519      
14.322  6.62259      
14.334  8.70012      
14.346  6.17743      
14.359  6.53449      
14.371  7.09466      
14.383  8.94835      
14.395  8.78709      
14.407  6.43305      
14.420  7.53945      
14.432  8.12722      
14.444  7.71528      
14.456  6.15517      
14.468  9.31240      
14.481  7.43947      
14.493  6.00365      
14.505  8.44773      
14.517  7.30213      
14.529  8.44610      
14.541  7.78578      
14.553  8.51240      
14.565  7.45217      
14.578  6.52715      
14.590  9.51833      
14.602  7.13007      
14.614  7.13007      
14.626  6.99506      
14.638  8.10368      
14.651  8.70182      
14.663  7.27804      
14.675  6.64590      
14.687  9.08946      
14.699  7.05004      
14.711  7.54370      
14.723  9.13385      
14.735  8.19807      
14.748  8.03979      
14.760  7.28895      
14.772  7.68684      
14.784  6.13615      
14.796  7.57115      
14.808  8.78303      
14.820  7.69662      
14.833  7.54126      
14.845  7.78578      
14.857  7.29500      
14.869  5.85038      
14.881  5.40270      
14.893  6.14949      
14.906  6.27853      
14.918  4.74614      
14.930  4.49501      
14.942  5.73130      
14.954  3.75339      
14.966  5.03756      
14.978  4.35286      
14.991  2.71389      
15.003  1.65512      
15.015  3.47133      
15.027  3.14113      
15.039  2.11578      
15.052  2.07415      
15.064  2.96681      
15.076  2.44653      
15.089  0.97881      
15.101  1.81731      
15.113  3.43281      
15.125  0.22130      
15.138  1.30383      
15.150  2.19332      
15.162  0.88425      
15.174  0.80086      
15.186  1.62151      
15.198  0.96511      
15.211  0.99830      
15.223  358.79115    
15.235  1.12757      
15.247  359.69887    
15.259  359.20484    
15.271  0.43374      
15.283  0.43374      
15.296  358.24744    
15.308  359.65139    
15.320  359.44019    
15.333  358.30476    
15.346  358.54329    
15.358  358.30451    
15.370  358.74570    
15.383  357.41382    
15.395  356.93137    
15.407  356.61790    
15.419  355.77046    
15.432  356.69053    
15.444  358.51187    
15.456  355.94026    
15.469  355.32368    
15.481  354.32922    
15.493  353.11557    
15.506  355.43317    
15.518  353.98567    
15.530  352.61695    
15.542  355.02940    
15.554  355.02940    
15.567  354.68225    
15.579  351.99588    
15.591  353.51256    
15.603  353.67946    
15.615  352.52943    
15.628  352.74216    
15.640  354.23468    
15.652  353.04271    
15.664  351.50121    
15.676  352.57790    
15.689  352.72873    
15.701  351.45562    
15.713  351.99765    
15.725  353.02653    
15.737  350.59984    
15.749  349.96157    
15.762  350.60217    
15.774  350.40110    
15.787  349.56545    
15.799  349.56545    
15.811  351.17375    
15.823  351.70530    
15.837  349.19690    
15.849  350.44212    
15.862  350.93062    
15.874  349.62123    
15.887  349.11298    
15.900  351.15108    
15.913  350.01342    
15.926  349.17076    
15.940  349.65309    
15.953  349.21103    
15.966  348.67876    
15.979  348.61149    
15.992  350.56950    
16.005  348.99858    
16.018  348.18698    
16.031  349.76998    
16.044  349.56650    
16.057  348.05074    
16.069  349.66909    
16.082  349.85061    
16.095  347.64886    
16.108  349.26373    
16.121  349.90959    
16.134  348.70136    
16.146  348.93701    
16.158  349.92481    
16.171  348.84833    
16.183  348.96410    
16.195  349.86414    
16.208  349.06618    
16.220  348.26422    
16.233  350.32837    
16.245  350.77892    
16.257  349.44446    
16.270  349.73197    
16.283  350.70424    
16.295  350.27624    
16.308  349.61628    
16.320  350.29643    
16.333  349.89746    
16.345  348.80725    
16.358  350.59528    
16.370  350.41779    
16.384  349.70029    
16.397  349.19716    
16.409  351.30517    
16.422  351.32714    
16.434  349.31900    
16.446  352.19542    
16.459  351.92105    
16.471  349.48679    
16.484  352.03350    
16.496  351.85613    
16.509  351.16817    
16.521  351.51413    
16.534  353.33308    
16.546  351.48683    
16.558  351.43382    
16.571  351.53664    
16.584  353.41806    
16.596  352.70625    
16.609  352.39147    
16.621  354.50916    
16.633  353.70464    
16.646  353.32961    
16.658  354.36304    
16.671  354.70128    
16.683  355.31247    
16.696  353.69229    
16.709  354.61986    
16.721  355.70317    
16.733  354.56608    
16.746  356.30798    
16.758  356.50972    
16.771  355.18179    
16.783  356.41868    
16.796  358.26724    
16.809  357.80911    
16.821  356.49208    
16.834  357.58077    
16.847  357.08486    
16.859  356.12311    
16.871  358.89904    
16.884  358.18139    
16.897  356.73447    
16.909  359.55690    
16.922  359.46212    
16.935  356.98216    
16.947  359.39299    
16.960  359.93892    
16.972  358.14925    
16.985  359.69823    
16.997  0.55274      
17.009  0.55274      
17.022  0.65694      
17.034  359.56191    
17.047  1.51808      
17.060  1.51061      
17.072  0.17648      
17.085  1.78866      
17.097  2.50609      
17.110  2.04825      
17.122  0.71260      
17.135  1.91183      
17.148  3.09999      
17.160  1.23177      
17.173  1.74482      
17.186  2.17847      
17.200  2.50609      
17.213  5.33244      
17.225  4.97064      
17.238  4.69036      
17.251  6.82572      
17.264  4.28606      
17.277  6.16841      
17.290  5.33677      
17.303  5.16629      
17.316  5.18126      
17.329  7.50559      
17.342  6.25093      
17.355  4.68688      
17.367  5.75568      
17.380  7.07428      
17.393  6.74930      
17.406  5.02658      
17.418  8.11532      
17.431  7.10041      
17.444  8.24957      
17.456  7.96961      
17.469  8.33779      
17.481  6.41377      
17.494  7.24522      
17.507  9.05933      
17.519  7.86958      
17.532  7.34365      
17.545  9.07980      
17.557  8.13886      
17.570  7.75781      
17.582  9.68032      
17.595  8.61503      
17.608  8.17897      
17.620  9.23342      
17.633  10.18632     
17.646  7.33146      
17.658  8.14486      
17.671  8.03979      
17.683  8.55078      
17.696  7.85686      
17.708  8.60155      
17.720  7.75231      
17.732  6.57562      
17.744  7.98107      
17.757  8.27985      
17.769  8.27985      
17.781  8.00473      
17.793  7.35303      
17.805  8.50167      
17.817  8.64894      
17.829  7.91058      
17.842  8.05785      
17.855  9.62210      
17.866  6.25761      
17.879  8.67570      
17.891  9.64345      
17.903  7.37258      
17.915  7.86793      
17.928  7.34528      
17.940  5.79953      
17.952  6.74269      
17.965  7.14012      
17.977  8.39976      
17.989  4.63713      
18.001  6.34247      
18.014  6.34247      
18.026  8.16214      
18.038  5.54789      
18.051  7.65215      
18.063  7.35305      
18.075  5.42534      
18.087  4.41602      
18.100  6.08040      
18.112  6.40839      
18.124  4.01382      
18.136  5.78639      
18.149  6.23939      
18.161  4.64033      
18.173  4.90439      
18.185  5.79890      
18.198  5.10066      
18.211  3.21158      
18.224  5.90823      
18.236  3.23234      
18.249  2.60440      
18.261  4.50301      
18.274  4.75687      
18.286  2.22932      
18.299  3.31253      
18.311  3.17529      
18.324  3.20473      
18.336  0.38823      
18.348  0.39442      
18.360  3.09014      
18.372  1.39766      
18.384  1.14576      
18.396  0.10066      
18.409  1.28162      
18.421  359.61777    
18.434  0.95484      
18.446  0.62848      
18.458  359.22408    
18.471  358.52342    
18.483  0.45852      
18.495  359.77994    
18.508  358.54297    
18.520  359.89628    
18.533  359.82045    
18.545  358.86617    
18.557  359.42348    
18.570  359.34123    
18.582  359.05454    
18.594  358.00258    
18.607  359.57243    
18.619  359.57243    
18.631  359.15078    
18.644  357.48688    
18.656  357.52731    
18.669  356.53858    
18.681  357.42140    
18.693  356.63959    
18.706  357.29342    
18.718  356.26144    
18.731  355.59322    
18.743  353.32028    
18.755  355.53102    
18.768  355.18042    
18.780  354.14047    
18.792  353.00103    
18.805  353.92965    
18.817  353.53717    
18.830  353.32099    
18.842  353.92053    
18.854  353.49890    
18.867  353.59684    
18.879  353.77877    
18.891  353.38513    
18.903  351.35976    
18.916  352.55656    
18.928  352.55656    
18.940  354.10258    
18.952  353.63719    
18.966  351.70974    
18.979  352.08237    
18.991  352.62883    
19.003  351.78981    
19.015  351.86152    
19.027  353.05784    
19.039  351.17495    
19.051  351.46146    
19.064  351.93770    
19.076  352.02883    
19.088  351.31151    
19.100  352.03731    
19.113  352.70929    
19.125  350.84446    
19.137  351.78464    
19.149  352.76712    
19.162  350.29880    
19.174  351.18095    
19.186  353.11032    
19.199  351.69251    
19.211  351.60802    
19.223  350.58912    
19.236  352.52435    
19.248  351.28153    
19.260  350.69100    
19.273  352.65442    
19.285  351.80800    
19.297  350.04237    
19.309  351.28178    
19.322  352.84192    
19.334  352.28891    
19.346  351.17634    
19.358  353.63225    
19.370  351.80589    
19.383  351.92613    
19.395  353.43848    
19.407  352.57449    
19.419  351.90564    
19.432  353.72420    
19.444  353.73373    
19.457  352.81267    
19.469  353.02875    
19.482  353.02875    
19.494  354.05874    
19.507  353.11761    
19.519  352.23659    
19.531  354.01848    
19.544  353.17341    
19.556  352.98497    
19.569  353.49437    
19.581  353.78197    
19.594  352.66080    
19.606  353.75093    
19.619  354.66810    
19.631  354.48468    
19.643  353.30712    
19.656  354.49136    
19.668  355.25256    
19.681  353.75750    
19.693  354.63239    
19.706  355.01748    
19.718  353.56600    
19.730  353.96972    
19.743  356.24597    
19.755  354.10385    
19.768  353.85840    
19.780  355.29146    
19.793  354.58097    
19.805  354.51751    
19.818  355.68780    
19.830  356.31438    
19.843  354.38397    
19.855  354.38397    
19.867  356.39992    
19.879  357.77660    
19.891  355.93928    
19.904  356.04087    
19.917  357.86659    
19.929  357.57269    
19.941  356.62782    
19.954  358.33667    
19.966  358.65738    
19.979  356.92193    
19.992  0.01941      
20.005  358.80414    
20.018  357.80500    
20.031  358.03245    
20.044  358.77814    
20.057  358.84484    
20.070  356.86234    
20.083  0.76942      
20.096  359.03664    
20.108  357.98742    
20.121  359.42667    
20.134  1.57017      
20.147  358.94970    
20.160  359.70221    
20.172  2.02613      
20.185  0.21364      
20.198  0.01973      
20.211  1.68915      
20.224  1.27684      
20.237  0.05985      
20.250  1.64821      
20.263  2.61295      
20.275  1.53150      
20.288  3.90691      
20.301  3.24525      
20.314  2.66616      
20.327  3.12900      
20.340  4.55770      
20.353  3.46881      
20.365  2.44524      
20.378  3.73888      
20.391  5.76808      
20.404  4.33813      
20.417  4.53320      
20.430  4.42929      
20.443  4.75056      
20.456  5.18920      
20.469  6.71601      
20.481  7.67919      
20.494  10.42048     
20.507  6.63016      
20.519  6.57423      
20.532  7.58521      
20.544  8.01047      
20.557  8.68914      
20.569  9.30419      
20.582  8.43209      
20.594  7.93738      
20.607  8.62750      
20.619  9.75681      
20.632  8.31325      
20.644  9.09107      
20.657  8.73856      
20.670  8.86812      
20.682  9.34597      
20.695  9.08946      
20.707  10.63207     
20.720  9.00999      
20.733  8.80079      
20.745  10.39752     
20.758  8.68360      
20.770  9.52910      
20.783  10.20876     
20.795  10.48163     
20.808  10.54344     
20.820  9.11282      
20.833  11.63484     
20.845  11.28922     
20.858  10.61456     
20.870  9.79286      
20.882  10.06888     
20.895  9.70827      
20.908  8.77492      
20.921  10.00449     
20.934  9.67563      
20.947  8.51675      
20.960  8.88453      
20.973  9.71669      
20.986  10.29938     
20.998  9.83439      
21.011  11.10663     
21.024  9.74797      
21.037  9.00555      
21.049  9.17590      
21.062  9.43481      
21.075  9.35322      
21.088  8.90098      
21.100  10.72038     
21.113  7.37016      
21.126  9.33472      
21.139  8.40700      
21.151  7.77246      
21.164  8.54095      
21.176  8.71719      
21.188  7.84710      
21.201  5.42015      
21.213  6.56040      
21.226  6.31573      
21.238  5.51558      
21.250  7.10963      
21.263  6.30623      
21.275  6.27972      
21.287  5.08186      
21.300  5.98304      
21.314  5.71059      
21.327  4.54067      
21.340  7.55261      
21.353  5.65784      
21.365  4.23860      
21.378  6.14693      
21.390  5.06746      
21.403  4.56671      
21.415  3.32884      
21.427  4.46467      
21.440  3.50559      
21.452  2.00778      
21.465  1.98669      
21.478  5.07201      
21.490  3.18873      
21.503  1.40733      
21.516  2.89728      
21.529  3.31749      
21.541  1.31482      
21.554  2.46917      
21.567  2.24535      
21.579  0.83908      
21.592  1.21253      
21.605  2.45232      
21.617  1.12991      
21.630  0.45472      
21.643  1.10094      
21.655  0.61756      
21.668  359.19224    
21.681  358.98437    
21.693  1.00061      
21.706  359.70405    
21.718  358.36400    
21.730  359.53403    
21.743  359.02595    
21.755  357.44672    
21.768  358.82884    
21.780  358.38180    
21.792  356.59498    
21.805  358.54093    
21.817  357.41020    
21.829  356.24922    
21.842  356.98406    
21.854  356.89902    
21.867  354.87697    
21.879  355.86743    
21.891  357.24386    
21.904  355.95734    
21.916  354.46937    
21.928  355.50522    
21.941  355.41275    
21.953  356.91601    
21.965  354.58128    
21.978  353.53486    
21.990  350.93504    
22.003  352.71554    
22.015  353.43713    
22.027  351.34581    
22.040  351.74733    
22.052  351.82906    
22.064  351.29854    
22.077  351.39073    
22.089  352.05876    
22.102  351.41167    
22.114  349.83575    
22.126  351.55005    
22.139  352.07477    
22.151  349.34254    
22.163  349.66948    
22.176  351.23512    
22.188  350.39451    
22.201  348.52544    
22.214  349.85815    
22.226  350.13820    
22.239  348.85167    
22.252  349.09887    
22.264  350.12654    
22.277  349.27944    
22.289  350.34678    
22.302  350.38433    
22.314  350.47231    
22.326  347.59258    
22.339  349.58206    
22.351  349.89662    
22.363  349.23399    
22.376  348.65675    
22.388  348.90592    
22.401  349.93931    
22.414  349.07943    
22.426  348.60651    
22.438  351.05427    
22.451  349.39210    
22.463  348.55984    
22.476  350.41924    
22.488  347.93695    
22.501  348.55277    
22.513  349.51194    
22.525  349.63846    
22.538  348.81100    
22.550  349.73704    
22.562  350.15308    
22.574  349.14027    
22.587  349.43868    
22.599  351.85664    
22.611  349.59730    
22.624  349.59730    
22.636  349.33639    
22.648  351.24958    
22.661  350.32245    
22.673  350.26662    
22.686  351.00875    
22.698  351.16107    
22.710  350.75695    
22.722  351.17769    
22.734  351.52845    
22.746  350.58668    
22.759  350.44235    
22.771  351.38724    
22.783  351.20213    
22.795  350.60712    
22.808  351.26118    
22.820  351.71147    
22.832  350.64899    
22.845  352.82914    
22.857  350.91050    
22.869  351.28129    
22.881  351.28129    
22.893  351.80320    
22.906  353.00772    
22.918  352.59870    
22.930  351.63522    
22.942  352.59384    
22.954  352.56293    
22.967  352.03116    
22.979  353.85191    
22.991  353.93346    
23.003  352.84740    
23.015  353.67041    
23.027  354.82800    
23.040  351.70901    
23.052  353.01781    
23.064  354.98118    
23.076  354.32710    
23.088  352.67201    
23.101  353.74571    
23.113  353.74571    
23.125  354.86995    
23.137  353.17131    
23.150  354.84484    
23.162  354.76919    
23.175  354.89583    
23.187  354.82101    
23.200  355.15568    
23.212  355.94126    
23.224  354.82817    
23.237  356.23044    
23.249  355.65895    
23.262  355.44845    
23.274  357.05411    
23.287  358.14437    
23.299  355.17255    
23.311  355.72221    
23.324  357.94176    
23.336  356.87399    
23.348  356.28446    
23.361  358.97351    
23.373  357.66772    
23.386  356.13297    
23.398  357.84075    
23.410  358.92314    
23.423  357.50288    
23.435  358.62501    
23.448  358.64244    
23.460  0.09751      
23.473  359.38132    
23.485  358.36287    
23.498  359.94161    
23.510  0.51565      
23.523  359.48193    
23.535  0.82614      
23.548  0.98709      
23.560  359.70807    
23.573  0.36263      
23.585  0.84023      
23.598  0.40814      
23.610  0.49613      
23.623  1.17267      
23.635  0.40484      
23.648  0.45037      
23.660  2.08009      
23.673  1.01755      
23.685  0.28610      
23.698  1.31264      
23.710  2.36408      
23.722  6.69896      
23.735  4.63172      
23.747  3.38669      
23.759  4.35717      
23.772  5.35331      
23.784  4.15194      
23.797  3.98678      
23.809  4.73382      
23.821  6.12257      
23.834  6.07622      
23.846  4.46778      
23.859  5.45421      
23.872  6.02233      
23.884  5.33719      
23.896  6.56790      
23.910  6.79563      
23.922  6.33367      
23.935  7.26788      
23.947  9.21799      
23.960  6.56700      
23.973  6.17929      
23.985  8.88564      
23.998  8.03129      
24.011  7.63601      
24.023  6.93112      
24.036  9.30072      
24.048  8.14434      
24.061  7.79991      
24.074  9.88231      
24.086  8.22455      
24.099  6.85501      
24.111  9.70255      
24.124  8.29797      
24.136  6.99118      
24.149  8.41576      
24.161  8.67080      
24.174  7.88526      
24.186  6.99677      
24.199  8.79929      
24.211  8.06585      
24.224  6.05179      
24.236  8.07111      
24.249  8.63374      
24.261  7.55916      
24.274  9.64608      
24.287  7.91266      
24.299  7.66294      
24.312  8.04765      
24.324  8.71487      
24.337  8.90848      
24.349  8.92671      
24.362  8.42470      
24.374  8.95515      
24.387  8.57739      
24.399  7.88835      
24.412  10.23884     
24.424  9.75242      
24.437  8.08746      
24.449  8.44610      
24.462  8.19411      
24.474  8.08108      
24.487  7.62050      
24.499  9.25118      
24.512  9.29513      
24.524  7.32983      
24.537  8.76008      
24.549  8.95515      
24.562  7.55878      
24.575  7.79657      
24.587  8.11015      
24.600  6.52369      
24.612  6.28452      
24.625  9.18236      
24.637  7.94491      
24.650  6.41779      
24.662  7.36461      
24.675  7.08594      
24.687  5.99133      
24.700  6.38208      
24.713  6.64661      
24.725  3.33290      
24.738  4.24295      
24.750  5.49154      
24.763  3.96758      
24.775  3.29268      
24.788  4.66231      
24.800  4.66231      
24.813  5.07826      
24.826  4.12064      
24.838  4.10359      
24.851  5.00216      
24.864  3.44857      
24.876  3.22199      
24.889  4.98316      
24.901  3.28285      
24.914  2.69834      
24.926  2.87646      
24.939  3.63971      
24.952  2.09179      
24.964  1.58446      
24.977  3.61871      
24.989  1.78223      
25.002  1.21506      
25.015  4.74703      
25.027  0.57772      
25.040  0.05964      
25.053  2.54000      
25.065  359.54932    
25.078  358.24820    
25.091  0.71463      
25.104  359.07149    
25.116  358.47696    
25.129  359.34123    
25.142  358.79416    
25.155  358.01922    
25.168  359.15516    
25.181  359.18382    
25.194  357.78975    
25.206  357.94500    
25.219  358.03831    
25.232  357.55879    
25.245  356.85320    
25.258  355.86106    
25.271  355.22995    
25.284  355.90916    
25.297  355.22383    
25.311  354.98854    
25.324  355.14208    
25.337  356.08408    
25.351  355.25217    
25.364  355.61955    
25.377  355.71654    
25.390  354.84484    
25.402  353.92008    
25.414  355.08323    
25.427  354.21981    
25.439  352.90308    
25.452  354.74096    
25.464  353.59106    
25.476  353.11509    
25.489  354.09450    
25.501  353.91828    
25.514  353.05918    
25.526  353.09271    
25.538  354.10635    
25.551  352.68997    
25.563  351.64942    
25.575  352.76218    
25.588  352.16465    
25.600  351.06236    
25.612  352.05522    
25.625  353.98405    
25.637  351.62205    
25.650  351.69824    
25.662  350.85261    
25.675  353.08936    
25.688  352.36527    
25.700  351.10301    
25.712  352.08165    
25.724  352.34684    
25.737  351.24951    
25.749  351.71694    
25.761  353.52128    
25.773  352.72939    
25.785  351.08400    
25.797  352.51815    
25.810  352.57920    
25.822  350.23762    
25.834  352.91220    
25.846  353.75453    
25.859  350.56800    
25.871  353.63290    
25.883  353.16548    
25.895  352.50895    
25.907  353.05822    
25.920  352.87968    
25.932  353.18788    
25.944  352.84245    
25.957  352.58385    
25.969  352.87984    
25.981  353.14124    
25.993  351.40756    
26.005  353.11892    
26.018  353.36264    
26.030  353.01778    
26.042  352.23312    
26.055  354.40481    
26.067  352.17760    
26.079  350.88613    
26.091  353.56625    
26.104  353.84781    
26.116  351.33353    
26.128  354.30857    
26.141  353.74463    
26.153  352.85189    
26.165  354.14827    
26.178  353.90658    
26.190  354.26236    
26.202  353.40211    
26.215  354.11028    
26.227  354.44123    
26.241  354.63947    
26.254  354.11182    
26.266  354.34652    
26.278  356.06614    
26.290  354.47432    
26.302  355.42995    
26.315  356.39940    
26.327  356.49530    
26.339  354.97613    
26.351  356.53920    
26.363  356.85697    
26.375  355.41319    
26.387  357.52627    
26.399  357.50466    
26.412  356.68520    
26.424  357.26573    
26.436  359.21909    
26.448  349.58289    
26.461  357.35599    
26.473  358.03754    
26.485  358.26833    
26.497  359.12843    
26.510  357.78773    
26.522  358.15055    
26.534  358.52086    
26.546  358.00807    
26.558  359.30905    
26.570  359.59407    
26.583  359.11946    
26.595  359.32483    
26.607  359.02346    
26.619  358.88961    
26.631  358.69976    
26.643  359.82777    
26.656  0.05658      
26.668  359.05671    
26.680  359.05671    
26.692  0.63361      
26.705  0.28782      
26.717  0.01911      
26.729  0.89399      
26.741  1.80080      
26.753  0.36604      
26.765  0.56785      
26.777  1.91178      
26.789  1.88074      
26.802  1.86184      
26.814  1.33627      
26.826  1.14654      
26.838  1.18459      
26.851  2.78933      
26.863  2.61311      
26.875  1.44656      
26.887  2.09901      
26.899  4.59460      
26.911  4.63494      
26.924  3.22814      
26.936  3.32425      
26.948  3.68574      
26.961  3.90498      
26.973  7.58801      
26.985  6.31991      
26.997  6.14936      
27.010  6.94953      
27.022  7.18038      
27.034  5.92345      
27.046  7.33580      
27.058  7.97589      
27.071  5.24236      
27.083  7.10041      
27.096  8.22011      
27.108  7.14020      
27.120  6.79932      
27.133  8.56452      
27.145  6.99951      
27.157  6.59771      
27.170  7.57743      
27.183  8.37054      
27.195  8.27269      
27.207  7.56195      
27.220  7.54403      
27.232  8.84226      
27.245  8.43494      
27.258  9.06224      
27.270  8.26701      
27.282  9.14605      
27.295  9.46893      
27.307  9.86850      
27.320  8.97787      
27.332  7.75307      
27.345  9.77755      
27.357  10.42048     
27.369  9.47544      
27.382  8.86406      
27.395  10.34710     
27.407  10.62212     
27.420  8.48509      
27.433  9.83867      
27.446  11.26530     
27.458  7.99175      
27.471  10.78334     
27.484  11.07105     
27.497  7.85938      
27.510  10.72137     
27.523  9.92225      
27.536  8.87337      
27.548  8.95275      
27.561  10.69871     
27.574  9.31739      
27.587  7.40691      
27.601  8.92130      
27.614  10.76658     
27.627  9.35648      
27.641  8.76294      
27.654  9.39756      
27.667  8.89870      
27.680  7.71528      
27.693  9.34342      
27.706  8.95327      
27.720  7.45633      
27.733  9.20068      
27.746  9.45583      
27.759  7.86348      
27.772  7.39779      
27.785  9.24947      
27.798  8.20365      
27.811  6.18395      
27.824  7.19562      
27.837  7.96409      
27.850  5.64981      
27.865  8.05252      
27.878  7.03912      
27.891  6.73459      
27.904  8.55289      
27.917  7.61222      
27.930  5.54120      
27.943  7.21605      
27.956  7.10989      
27.968  5.97809      
27.981  7.12996      
27.994  6.60377      
28.007  4.91636      
28.020  5.20373      
28.033  6.67274      
28.045  5.68305      
28.058  5.91956      
28.071  4.32990      
28.083  5.89856      
28.096  4.70059      
28.109  2.80006      
28.121  5.71455      
28.134  5.05501      
28.147  2.24460      
28.159  3.24632      
28.172  3.65768      
28.185  2.63929      
28.198  2.42430      
28.210  2.83862      
28.223  2.26776      
28.236  0.58055      
28.249  1.50230      
28.261  2.59179      
28.274  1.16632      
28.287  1.03067      
28.299  2.50259      
28.312  359.17983    
28.324  0.85599      
28.337  1.99549      
28.349  358.82231    
28.362  359.45949    
28.375  0.14365      
28.387  359.61937    
28.399  358.03379    
28.412  0.10038      
28.424  359.38287    
28.436  358.36847    
28.449  358.55877    
28.461  359.61937    
28.474  357.93636    
28.486  357.38705    
28.498  357.87670    
28.511  357.27273    
28.523  356.58135    
28.535  357.92354    
28.548  356.58135    
28.560  356.60707    
28.572  355.95025    
28.585  357.47981    
28.597  357.13375    
28.610  355.23953    
28.622  355.20715    
28.634  356.46506    
28.647  355.81745    
28.659  354.44810    
28.671  355.87261    
28.684  354.92868    
28.696  354.76188    
28.708  353.84896    
28.721  354.62262    
28.733  354.33965    
28.745  354.82834    
28.758  354.51751    
28.770  352.96979    
28.782  352.62242    
28.795  350.87881    
28.807  351.70974    
28.819  352.80996    
28.832  351.69980    
28.844  350.56800    
28.856  350.50103    
28.869  351.11700    
28.881  352.27662    
28.893  350.60574    
28.905  352.02523    
28.917  352.30344    
28.930  350.28131    
28.942  349.86477    
28.954  350.29880    
28.966  351.01480    
28.978  349.37565    
28.990  350.58688    
29.003  350.11778    
29.015  349.00974    
29.027  349.71935    
29.039  349.78118    
29.051  348.62781    
29.064  348.58381    
29.077  349.26110    
29.089  348.13305    
29.101  348.13305    
29.113  348.52759    
29.126  349.75888    
29.138  349.04652    
29.150  347.79013    
29.163  350.61931    
29.175  349.68701    
29.188  348.16549    
29.201  349.40350    
29.213  349.80312    
29.226  348.47680    
29.238  348.59576    
29.250  350.05032    
29.263  349.59341    
29.275  348.41317    
29.287  349.82951    
29.300  349.52855    
29.312  348.31256    
29.325  348.99943    
29.337  350.08024    
29.349  348.76706    
29.362  348.60008    
29.374  350.28458    
29.386  349.52408    
29.399  348.19406    
29.411  350.37570    
29.423  349.44293    
29.436  349.53545    
29.448  348.21039    
29.461  349.57492    
29.473  349.18972    
29.485  349.80495    
29.498  349.27639    
29.510  350.39451    
29.523  349.26363    
29.535  349.28245    
29.547  351.93493    
29.560  350.09204    
29.572  349.38255    
29.584  350.19817    
29.597  350.10356    
29.609  350.78848    
29.621  349.90771    
29.634  351.11818    
29.646  350.33120    
29.659  348.99848    
29.671  351.93583    
29.683  351.50419    
29.696  349.26485    
29.708  353.03552    
29.720  350.68001    
29.733  350.13820    
29.745  350.13820    
29.758  351.82176    
29.770  351.23544    
29.782  351.86724    
29.795  352.25760    
29.807  353.74520    
29.819  352.54862    
29.832  351.73457    
29.844  353.36450    
29.857  353.65351    
29.869  351.59909    
29.882  353.46022    
29.894  354.40543    
29.906  352.71362    
29.919  354.05704    
29.931  355.05077    
29.943  354.04398    
29.955  354.05156    
29.967  355.45238    
29.979  354.23268    
29.992  353.89003    
30.004  354.81076    
30.016  355.12028    
30.028  355.12028    
30.040  354.89036    
30.052  355.52561    
30.065  356.32257    
30.077  356.86184    
30.089  355.65509    
30.101  357.56536    
30.113  356.59630    
30.125  356.36675    
30.137  358.19824    
30.150  357.12634    
30.162  356.73227    
30.174  357.34543    
30.186  359.17108    
30.198  357.48167    
30.211  358.75713    
30.223  359.18100    
30.235  359.26403    
30.247  359.26403    
30.259  358.81621    
30.272  1.32909      
30.284  359.98094    
30.296  358.50076    
30.309  0.99516      
30.321  1.51754      
30.334  359.21596    
30.346  0.25578      
30.358  2.40355      
30.371  1.14266      
30.383  1.05735      
30.396  2.47208      
30.408  2.00512      
30.421  1.90392      
30.434  2.83545      
30.446  2.49543      
30.458  2.30240      
30.470  3.62574      
30.483  4.11897      
30.495  3.24446      
30.508  3.95255      
30.520  5.48781      
30.532  6.12393      
30.545  7.13458      
30.557  7.38751      
30.569  7.11015      
30.582  7.22063      
30.594  8.42479      
30.606  7.43054      
30.619  7.16899      
30.631  8.26394      
30.643  8.26634      
30.656  8.16074      
30.668  8.07082      
30.680  8.49613      
30.693  7.84322      
30.705  7.93834      
30.717  8.70026      
30.730  8.57270      
30.742  9.20623      
30.754  10.84073     
30.767  9.88051      
30.779  8.75664      
30.791  10.01848     
30.804  10.48218     
30.816  9.30308      
30.829  8.81427      
30.841  11.46137     
30.853  10.44959     
30.865  9.60372      
30.878  10.06134     
30.890  11.51532     
30.903  10.44768     
30.915  9.55332      
30.927  11.36937     
30.939  12.13704     
30.952  10.01369     
30.964  12.55746     
30.976  10.95591     
30.989  10.79081     
31.001  11.08400     
31.013  12.36171     
31.026  11.92514     
31.038  9.40326      
31.050  11.11657     
31.063  11.56800     
31.075  9.58783      
31.087  10.62486     
31.100  10.69651     
31.112  9.30171      
31.124  9.72589      
31.137  10.61007     
31.149  10.36777     
31.162  10.36777     
31.174  8.84749      
31.186  9.72256      
31.199  9.70357      
31.211  9.54223      
31.224  9.60795      
31.236  10.03708     
31.248  7.78142      
31.261  7.31847      
31.273  9.74503      
31.286  7.80441      
31.298  7.06031      
31.311  8.70719      
31.323  7.60385      
31.335  6.24381      
31.348  8.24030      
31.360  7.89073      
31.373  6.34241      
31.385  8.10472      
31.397  7.59847      
31.410  6.42176      
31.422  6.84675      
31.435  8.15026      
31.448  7.36350      
31.460  5.49310      
31.473  7.59599      
31.486  7.35826      
31.499  4.92502      
31.511  5.59572      
31.524  5.72667      
31.537  5.24755      
31.549  5.24163      
31.562  5.82594      
31.575  4.24419      
31.588  3.59889      
31.600  5.39948      
31.613  4.96721      
31.625  5.17425      
31.638  2.50303      
31.651  4.40648      
31.663  4.52548      
31.676  2.79221      
31.688  3.66144      
31.701  2.89385      
31.713  2.67635      
31.726  1.93652      
31.738  2.87031      
31.751  1.36581      
31.763  1.01733      
31.775  2.37267      
31.788  1.90002      
31.800  0.90541      
31.812  0.62451      
31.825  2.24838      
31.837  0.94745      
31.849  1.37245      
31.862  0.52403      
31.874  0.52617      
31.886  359.67227    
31.899  359.94093    
31.911  359.75056    
31.923  359.89969    
31.936  359.55178    
31.948  359.40836    
31.961  358.15176    
31.973  358.19065    
31.986  358.23264    
31.998  0.29212      
32.011  359.94213    
32.023  357.92211    
32.036  359.43060    
32.048  357.54922    
32.061  356.75198    
32.073  357.77317    
32.086  357.56945    
32.098  357.54817    
32.111  356.64635    
32.123  356.59309    
32.136  357.34218    
32.148  355.76433    
32.161  356.93145    
32.173  355.73124    
32.186  355.63008    
32.198  355.85161    
32.211  356.11719    
32.223  354.68235    
32.236  355.05859    
32.248  352.38398    
32.262  352.72782    
32.275  355.06516    
32.288  352.58537    
32.302  353.36876    
32.314  353.50477    
32.327  351.88275    
32.339  351.45250    
32.351  353.28689    
32.363  352.76695    
32.375  351.91548    
32.387  352.69864    
32.400  352.79160    
32.412  351.19453    
32.425  352.89829    
32.439  353.09932    
32.452  351.13452    
32.464  351.58927    
32.477  353.44972    
32.489  352.05349    
32.502  350.08637    
32.514  352.32592    
32.527  351.60862    
32.540  351.77216    
32.552  350.89587    
32.565  352.54658    
32.577  352.05697    
32.590  350.23724    
32.602  350.44818    
32.615  351.95302    
32.627  350.77467    
32.640  350.70087    
32.653  351.85133    
32.665  351.59786    
32.678  351.30517    
32.691  352.00843    
32.703  351.84108    
32.716  350.57477    
32.728  351.28327    
32.740  351.56549    
32.752  351.68012    
32.764  351.03026    
32.777  351.50080    
32.789  351.39816    
32.802  351.00473    
32.815  351.87762    
32.827  352.55094    
32.839  351.81546    
32.851  352.41135    
32.863  352.64098    
32.875  352.10131    
32.888  351.86726    
32.900  351.86726    
32.912  352.58866    
32.924  352.20967    
32.936  351.88847    
32.950  352.06122    
32.962  352.75703    
32.974  352.57257    
32.987  352.93590    
32.999  354.40910    
33.011  352.91493    
33.024  352.17865    
33.036  353.93532    
33.048  353.82328    
33.060  352.51353    
33.073  354.86173    
33.085  354.96631    
33.097  352.74443    
33.109  353.27414    
33.122  354.03184    
33.134  354.70234    
33.146  353.25500    
33.158  354.04935    
33.171  355.50716    
33.183  355.39237    
33.195  353.28253    
33.207  354.18608    
33.219  357.14326    
33.232  354.60824    
33.244  354.96651    
33.256  356.11736    
33.268  354.60474    
33.280  356.49150    
33.292  356.50696    
33.304  356.02854    
33.317  354.72237    
33.329  358.06202    
33.341  357.91709    
33.353  357.18846    
33.365  358.33837    
33.377  358.53168    
33.389  358.53168    
33.401  357.05167    
33.414  358.55902    
33.426  359.14680    
33.438  358.13967    
33.450  358.09085    
33.462  359.49742    
33.475  359.94331    
33.487  358.79904    
33.500  0.25096      
33.512  0.73116      
33.524  358.28541    
33.536  359.75973    
33.549  1.57847      
33.561  0.70147      
33.573  0.44280      
33.586  0.74666      
33.598  1.24453      
33.610  0.75336      
33.622  1.74675      
33.635  0.89103      
33.647  0.89103      
33.659  1.43688      
33.671  2.26250      
33.684  3.41460      
33.696  1.73063      
33.708  2.54104      
33.720  2.98383      
33.732  3.35875      
33.744  1.75734      
33.756  2.89494      
33.769  4.51802      
33.781  6.32490      
33.793  5.78750      
33.805  5.07481      
33.817  7.11040      
33.829  7.13970      
33.841  5.83992      
33.853  6.56984      
33.866  6.56984      
33.878  6.69935      
33.890  6.11827      
33.902  6.99458      
33.914  7.60618      
33.926  6.89394      
33.938  6.88040      
33.951  8.59053      
33.964  6.70868      
33.976  6.47326      
33.988  8.83183      
34.000  9.84152
