3.728   160.42955    
3.741   159.63394    
3.753   159.63394    
3.765   161.43141    
3.777   159.69553    
3.789   158.84483    
3.801   159.38466    
3.813   160.46164    
3.826   159.94252    
3.838   159.46973    
3.850   160.68203    
3.862   159.56553    
3.875   159.21207    
3.887   160.16196    
3.899   158.02141    
3.911   158.33940    
3.924   158.61372    
3.936   157.17376    
3.949   159.12535    
3.961   157.78305    
3.974   157.55860    
3.986   158.54015    
3.998   156.83365    
4.011   156.21302    
4.023   156.98755    
4.035   156.72826    
4.048   156.23663    
4.060   154.92871    
4.072   155.57125    
4.085   155.48593    
4.097   153.42003    
4.110   153.22951    
4.122   153.99993    
4.134   153.61277    
4.146   152.78348    
4.158   152.81767    
4.172   151.91695    
4.184   150.90572    
4.197   150.65860    
4.209   151.03285    
4.222   151.08035    
4.234   150.45356    
4.247   150.90829    
4.259   150.84690    
4.272   148.99892    
4.284   150.45929    
4.296   150.01393    
4.309   149.06744    
4.321   148.41940    
4.334   149.11864    
4.347   148.13750    
4.359   148.00170    
4.372   148.13054    
4.385   148.19326    
4.397   147.25304    
4.410   147.09395    
4.423   147.08894    
4.435   147.97416    
4.448   145.46288    
4.461   145.62754    
4.473   145.46401    
4.486   145.53158    
4.498   143.94899    
4.511   146.12569    
4.524   143.21551    
4.536   143.05081    
4.549   143.38264    
4.562   143.18100    
4.574   140.68633    
4.587   142.20318    
4.600   141.11263    
4.612   141.16619    
4.625   140.91690    
4.638   140.07625    
4.650   139.95363    
4.663   139.34254    
4.675   138.97987    
4.688   137.60411    
4.701   137.18649    
4.713   137.09033    
4.726   136.37520    
4.738   136.39221    
4.751   136.63397    
4.764   136.87546    
4.776   135.05772    
4.788   136.33118    
4.801   136.74594    
4.813   134.01788    
4.826   133.40918    
4.838   135.44326    
4.851   134.22280    
4.863   134.30284    
4.876   133.84486    
4.888   132.78895    
4.901   133.39484    
4.914   131.78657    
4.926   132.30502    
4.939   131.79497    
4.952   131.48496    
4.964   132.43349    
4.977   131.10936    
4.989   130.43483    
5.002   129.38674    
5.015   129.71445    
5.027   127.08455    
5.040   127.96651    
5.053   127.19649    
5.065   127.02076    
5.078   126.02253    
5.090   125.16130    
5.103   125.09141    
5.115   124.73161    
5.128   123.23314    
5.140   123.42672    
5.153   123.51458    
5.166   122.54823    
5.178   121.65958    
5.191   121.69095    
5.203   120.54665    
5.216   119.97356    
5.228   121.00580    
5.241   118.47126    
5.254   117.54267    
5.266   119.45536    
5.279   119.21851    
5.291   117.89813    
5.304   117.81464    
5.317   118.00012    
5.329   117.95452    
5.342   115.67310    
5.355   117.55030    
5.368   115.43750    
5.381   115.22809    
5.394   115.22985    
5.407   114.56984    
5.420   113.20960    
5.433   113.22759    
5.446   113.40212    
5.458   112.18190    
5.471   111.00223    
5.484   111.48630    
5.497   109.90856    
5.510   110.22909    
5.523   111.01891    
5.536   108.51876    
5.549   108.04429    
5.561   107.78609    
5.574   106.75906    
5.587   105.99772    
5.599   105.63615    
5.612   105.18804    
5.625   103.99776    
5.637   103.10802    
5.650   104.34811    
5.662   102.60327    
5.675   102.12125    
5.687   101.84007    
5.700   101.81942    
5.712   100.96201    
5.725   101.18918    
5.738   99.41196     
5.751   99.70871     
5.763   97.90079     
5.776   97.32771     
5.789   97.29971     
5.801   97.69850     
5.814   95.73403     
5.827   97.14552     
5.839   95.61105     
5.852   95.84050     
5.864   93.50608     
5.877   94.23236     
5.889   93.68669     
5.902   91.64022     
5.914   91.98331     
5.927   90.67470     
5.940   91.31986     
5.952   91.98073     
5.964   90.82841     
5.976   91.10989     
5.989   88.55727     
6.001   89.88643     
6.013   87.99443     
6.026   88.07640     
6.038   87.25067     
6.050   87.57806     
6.062   85.47647     
6.075   86.40802     
6.087   86.69998     
6.099   85.02863     
6.111   83.27439     
6.123   83.73675     
6.136   83.82244     
6.148   83.23746     
6.160   81.28371     
6.172   81.85548     
6.184   81.19015     
6.196   80.05075     
6.208   78.85030     
6.220   78.98817     
6.232   78.81428     
6.245   76.53506     
6.257   75.77349     
6.269   77.18418     
6.281   74.60473     
6.293   72.48070     
6.305   72.86356     
6.317   71.98657     
6.329   71.75286     
6.342   71.95586     
6.354   71.76344     
6.366   72.16787     
6.379   71.42702     
6.392   67.39752     
6.404   68.89919     
6.417   69.09710     
6.429   67.20320     
6.441   64.90683     
6.454   65.14132     
6.466   64.47199     
6.479   62.42319     
6.491   63.14511     
6.503   61.20853     
6.516   61.12604     
6.528   60.81050     
6.541   58.19656     
6.553   57.91729     
6.566   57.25843     
6.578   57.01919     
6.591   54.03574     
6.603   54.27535     
6.616   52.82815     
6.628   51.67627     
6.640   50.27460     
6.653   51.57555     
6.665   49.51832     
6.677   48.75944     
6.690   46.50626     
6.702   46.50626     
6.715   45.89352     
6.727   44.45700     
6.739   43.03025     
6.751   44.77149     
6.763   41.99702     
6.775   40.31460     
6.787   41.25502     
6.799   40.40247     
6.812   40.54921     
6.825   40.00504     
6.837   39.65829     
6.850   37.19145     
6.862   36.06130     
6.875   35.25263     
6.887   34.53888     
6.899   34.21792     
6.912   32.63350     
6.924   32.66814     
6.937   31.65686     
6.950   31.94318     
6.962   30.43953     
6.974   27.99690     
6.986   27.10060     
6.998   27.10060     
7.010   27.04425     
7.023   26.18449     
7.035   25.69408     
7.047   24.71028     
7.059   22.33463     
7.072   21.45835     
7.084   21.29770     
7.096   20.91843     
7.109   19.12725     
7.121   19.06638     
7.133   19.28387     
7.145   16.17257     
7.158   15.03268     
7.170   14.11854     
7.182   11.80836     
7.194   10.73679     
7.206   11.64229     
7.218   10.47054     
7.230   8.87141      
7.242   9.03264      
7.254   9.04350      
7.267   8.91194      
7.279   7.14174      
7.291   7.40160      
7.303   6.66695      
7.315   4.41704      
7.327   4.34467      
7.339   3.48879      
7.351   1.36286      
7.363   0.33756      
7.376   1.90915      
7.388   1.39989      
7.401   357.64995    
7.413   357.68561    
7.426   358.38053    
7.438   355.90483    
7.451   355.50592    
7.463   353.51596    
7.475   352.03900    
7.488   351.95289    
7.500   352.18922    
7.513   351.84330    
7.525   349.42401    
7.538   350.35238    
7.550   349.77889    
7.563   348.37711    
7.575   348.35572    
7.587   348.78299    
7.600   346.87274    
7.612   346.44696    
7.625   345.21671    
7.637   345.98376    
7.650   340.15833    
7.662   342.58819    
7.675   340.30474    
7.687   342.20691    
7.699   341.82861    
7.712   339.04999    
7.724   340.60142    
7.736   341.21558    
7.749   340.03236    
7.761   338.11908    
7.774   339.59480    
7.787   339.11617    
7.799   335.51057    
7.811   338.49913    
7.823   337.34682    
7.836   335.75257    
7.849   336.21886    
7.861   337.81966    
7.874   337.07784    
7.886   333.61386    
7.899   335.19059    
7.911   336.15239    
7.924   334.90657    
7.936   333.82908    
7.949   335.09782    
7.961   334.23611    
7.974   333.85348    
7.986   334.47162    
7.999   335.86582    
8.011   333.29505    
8.024   332.10170    
8.036   335.30309    
8.048   333.39984    
8.060   332.37773    
8.073   334.82232    
8.085   334.95827    
8.097   333.89859    
8.110   333.17550    
8.122   334.61541    
8.134   335.10405    
8.147   334.99128    
8.159   334.58800    
8.172   336.15192    
8.184   336.10029    
8.196   333.99875    
8.209   333.99875    
8.221   335.89227    
8.233   335.82267    
8.246   336.29087    
8.258   337.21540    
8.270   336.54740    
8.282   336.51601    
8.295   336.45191    
8.307   337.77555    
8.319   337.36532    
8.332   337.88720    
8.344   337.72820    
8.356   336.30035    
8.370   336.38146    
8.383   338.11738    
8.395   338.24490    
8.407   338.10110    
8.420   337.98604    
8.432   339.21241    
8.445   339.65892    
8.457   339.81046    
8.470   339.84352    
8.483   338.93366    
8.495   339.59790    
8.508   340.67270    
8.520   340.25457    
8.533   339.77987    
8.545   341.12466    
8.558   341.01490    
8.571   341.74650    
8.583   341.99397    
8.596   341.88917    
8.608   342.62744    
8.621   342.90149    
8.634   342.62237    
8.646   344.37960    
8.659   344.33320    
8.671   345.07959    
8.684   346.32499    
8.696   345.58188    
8.709   345.20498    
8.722   346.85946    
8.734   346.88375    
8.747   345.92563    
8.760   348.29232    
8.773   348.04275    
8.785   347.29910    
8.798   348.48545    
8.811   349.19315    
8.823   348.94070    
8.835   350.03411    
8.848   350.55688    
8.861   349.42727    
8.874   349.03168    
8.887   351.97129    
8.900   351.90688    
8.913   351.16198    
8.927   352.94871    
8.940   354.63669    
8.953   353.45213    
8.966   353.79405    
8.978   354.76691    
8.991   355.65243    
9.003   355.26893    
9.016   357.48335    
9.028   357.78648    
9.041   355.41105    
9.053   359.42268    
9.066   356.92444    
9.079   358.02713    
9.091   359.06440    
9.104   0.23086      
9.116   0.45441      
9.129   1.24094      
9.141   1.89020      
9.154   1.08362      
9.166   1.90779      
9.179   4.98009      
9.191   6.94006      
9.204   7.10898      
9.217   6.37474      
9.229   8.21212      
9.242   7.30213      
9.254   7.86134      
9.267   9.83096      
9.279   10.44596     
9.292   9.75438      
9.304   9.75438      
9.317   12.59155     
9.329   12.59155     
9.342   12.53570     
9.354   11.48983     
9.368   13.60863     
9.381   13.55733     
9.394   13.93217     
9.407   14.83976     
9.420   13.99417     
9.433   13.60254     
9.446   16.26708     
9.460   15.12234     
9.473   18.69351     
9.486   18.94934     
9.499   19.84725     
9.513   18.61935     
9.526   17.40369     
9.539   20.05388     
9.552   19.07412     
9.565   19.53735     
9.579   19.85065     
9.592   20.46077     
9.605   18.92407     
9.618   18.38634     
9.631   21.29498     
9.644   20.09274     
9.657   18.92055     
9.669   21.09902     
9.682   20.70756     
9.695   20.25748     
9.708   21.70914     
9.721   21.15169     
9.733   20.50547     
9.745   21.04212     
9.757   21.31168     
9.769   22.61986     
9.781   18.02658     
9.793   19.94568     
9.805   19.94568     
9.817   20.23827     
9.829   17.86009     
9.842   19.73799     
9.854   19.83967     
9.866   18.73012     
9.878   18.46867     
9.890   19.11630     
9.903   17.52240     
9.915   16.07115     
9.927   17.88478     
9.940   16.31042     
9.952   16.08756     
9.964   16.67036     
9.977   17.18216     
9.989   14.70779     
10.002  15.21072     
10.014  15.18938     
10.026  14.65906     
10.039  13.42876     
10.051  14.24769     
10.063  14.12087     
10.076  14.35882     
10.088  11.98083     
10.101  12.11291     
10.114  12.75391     
10.126  11.32341     
10.138  11.91735     
10.150  12.13277     
10.163  9.85538      
10.175  9.36852      
10.188  10.42672     
10.200  8.50437      
10.212  7.39608      
10.225  8.67862      
10.237  7.23592      
10.249  5.43521      
10.261  8.13923      
10.273  7.56854      
10.286  4.38381      
10.298  5.69365      
10.310  6.87436      
10.323  5.00382      
10.335  4.46652      
10.347  4.54851      
10.359  4.78159      
10.372  3.20335      
10.384  3.80440      
10.396  4.12136      
10.408  1.21145      
10.421  0.57040      
10.433  1.42572      
10.445  1.42899      
10.457  359.85416    
10.469  0.78745      
10.482  0.47711      
10.495  358.11623    
10.508  0.19503      
10.520  0.26831      
10.533  358.36645    
10.545  356.56977    
10.558  359.55635    
10.571  356.94342    
10.586  356.50201    
10.598  357.37180    
10.611  355.24669    
10.623  355.10516    
10.635  354.18558    
10.647  355.74737    
10.660  353.18814    
10.672  353.32331    
10.684  353.69877    
10.697  349.89556    
10.709  350.38059    
10.721  348.16864    
10.734  349.47865    
10.746  350.58388    
10.758  350.77691    
10.771  348.52672    
10.783  350.15497    
10.795  350.09188    
10.808  347.93290    
10.820  347.14068    
10.832  347.55584    
10.845  348.10021    
10.857  345.74606    
10.869  346.19024    
10.882  347.74984    
10.894  345.58833    
10.907  343.55699    
10.919  345.35656    
10.932  345.82409    
10.944  344.60362    
10.956  344.88364    
10.969  346.03211    
10.981  343.86521    
10.994  344.19922    
11.006  345.64851    
11.018  344.65310    
11.031  343.28960    
11.043  344.21602    
11.055  346.04858    
11.068  345.81044    
11.080  342.11353    
11.093  345.35262    
11.106  344.46963    
11.119  342.97908    
11.132  344.01520    
11.144  344.95859    
11.157  344.24545    
11.169  343.87946    
11.182  345.28631    
11.195  343.84215    
11.207  344.68183    
11.220  343.96702    
11.233  344.13369    
11.245  344.85789    
11.258  343.58277    
11.271  345.22313    
11.283  343.29320    
11.296  342.47541    
11.309  345.64665    
11.321  344.26562    
11.334  344.36137    
11.347  346.71107    
11.359  345.63450    
11.372  345.17569    
11.384  346.24110    
11.397  346.52920    
11.410  346.00085    
11.423  345.77898    
11.435  347.54736    
11.448  345.86132    
11.461  346.50049    
11.474  348.34757    
11.487  347.96909    
11.500  347.73443    
11.513  348.82871    
11.525  349.35622    
11.538  349.17368    
11.551  348.32047    
11.564  349.97532    
11.577  348.78316    
11.590  348.73094    
11.603  351.23834    
11.615  349.66212    
11.629  350.28692    
11.641  350.35645    
11.654  351.87821    
11.667  350.93350    
11.680  351.24354    
11.693  352.86022    
11.706  350.30141    
11.719  352.27249    
11.732  353.60086    
11.745  352.53897    
11.758  352.96979    
11.772  353.99000    
11.784  353.64904    
11.798  352.19112    
11.811  354.76721    
11.823  355.77896    
11.836  354.72580    
11.849  355.19077    
11.862  356.52008    
11.875  354.49888    
11.888  355.26545    
11.900  357.13159    
11.913  357.35112    
11.925  356.61091    
11.938  358.61214    
11.950  357.92876    
11.963  356.97564    
11.975  359.69631    
11.988  358.24041    
12.000  358.05818    
12.013  0.46863      
12.026  359.52358    
12.038  359.67619    
12.051  0.33380      
12.063  0.72079      
12.076  0.54585      
12.088  0.63251      
12.101  1.93171      
12.113  2.22224      
12.126  1.95617      
12.139  3.08469      
12.151  2.39893      
12.164  2.22571      
12.176  2.70845      
12.189  3.45807      
12.201  3.61757      
12.214  1.77916      
12.227  5.09998      
12.239  2.91819      
12.252  5.25794      
12.264  7.51237      
12.277  5.59488      
12.289  5.12389      
12.302  5.98197      
12.314  4.79191      
12.327  4.50630      
12.340  6.46001      
12.352  5.19254      
12.365  5.35842      
12.377  7.33542      
12.391  6.28380      
12.404  6.65029      
12.416  7.66035      
12.429  7.77468      
12.442  7.09466      
12.455  7.40992      
12.468  8.10255      
12.481  8.51612      
12.493  7.58490      
12.506  7.60707      
12.519  9.76332      
12.532  8.46327      
12.545  9.29057      
12.558  9.41385      
12.571  9.31096      
12.584  8.28156      
12.596  9.84196      
12.609  9.01900      
12.622  8.35856      
12.635  9.67578      
12.647  11.29763     
12.660  7.62078      
12.672  8.95803      
12.685  9.82169      
12.697  8.99784      
12.710  8.17407      
12.722  9.53307      
12.735  8.99608      
12.748  8.27472      
12.760  9.25746      
12.773  7.91182      
12.785  6.93144      
12.798  7.20295      
12.811  8.53490      
12.823  8.01799      
12.836  6.96267      
12.848  7.76897      
12.861  7.73334      
12.874  4.96883      
12.886  7.32274      
12.899  8.34527      
12.911  6.37051      
12.924  7.01356      
12.937  6.23078      
12.949  5.35453      
12.962  4.60179      
12.974  7.41778      
12.987  7.18069      
13.000  5.93558      
13.012  3.57119      
13.025  6.00790      
13.037  5.27865      
13.050  4.52401      
13.062  5.37045      
13.075  7.05122      
13.087  4.03396      
13.100  3.56844      
13.112  4.97991      
13.125  2.33859      
13.138  2.89019      
13.150  4.17924      
13.163  4.18037      
13.175  2.36677      
13.188  3.12403      
13.200  3.96230      
13.213  1.61561      
13.225  1.86946      
13.238  2.58257      
13.251  0.02033      
13.263  359.89848    
13.276  0.31949      
13.288  0.92804      
13.301  0.48734      
13.313  0.78512      
13.326  1.13548      
13.338  358.69805    
13.351  0.53406      
13.364  359.68216    
13.376  358.41458    
13.389  358.85257    
13.401  0.48519      
13.413  358.68668    
13.426  357.68523    
13.438  355.23964    
13.451  356.88664    
13.464  357.27277    
13.476  357.25983    
13.489  357.11544    
13.501  355.92305    
13.514  357.71505    
13.527  357.22978    
13.539  355.39456    
13.552  357.25559    
13.564  356.55764    
13.577  355.52910    
13.589  355.70028    
13.602  356.16323    
13.614  356.30669    
13.627  356.27723    
13.639  357.72308    
13.652  356.10043    
13.664  355.44287    
13.677  355.89442    
13.689  356.60820    
13.701  354.26900    
13.714  355.49952    
13.726  355.37052    
13.738  354.02253    
13.751  353.16269    
13.763  354.40578    
13.775  354.29699    
13.788  353.94047    
13.800  354.05565    
13.813  354.43019    
13.825  352.55066    
13.837  353.49541    
13.849  353.40883    
13.862  354.69685    
13.874  353.09409    
13.887  353.70221    
13.899  355.04777    
13.912  353.22882    
13.924  352.36767    
13.937  354.38537    
13.949  353.77453    
13.962  351.24354    
13.975  353.61434    
13.988  353.23753    
14.001  352.08748    
14.014  351.71516    
14.027  352.38581    
14.040  353.61028    
14.053  351.70751    
14.066  353.32472    
14.079  353.42249    
14.092  351.42029    
14.105  353.96532    
14.118  353.24796    
14.131  353.61489    
14.144  352.86504    
14.157  354.15559    
14.170  354.44201    
14.183  352.19266    
14.196  355.39191    
14.209  354.20047    
14.222  352.88490    
14.235  355.80322    
14.248  355.56718    
14.261  355.29333    
14.274  354.15274    
14.287  357.66149    
14.300  355.37788    
14.313  354.19025    
14.326  356.78779    
14.339  356.28295    
14.352  355.45690    
14.365  355.95610    
14.377  357.62874    
14.390  355.73063    
14.403  355.29146    
14.416  356.05137    
14.429  354.54155    
14.442  355.56084    
14.455  356.21389    
14.468  357.17559    
14.481  356.67350    
14.494  358.04075    
14.507  355.89110    
14.520  356.25645    
14.533  358.53171    
14.546  355.62068    
14.559  355.88293    
14.572  357.48864    
14.585  358.47168    
14.598  355.50799    
14.611  358.43092    
14.624  358.95443    
14.637  358.17629    
14.650  358.69805    
14.663  359.18945    
14.676  358.39419    
14.689  359.41289    
14.702  359.45299    
14.715  358.93162    
14.728  358.34298    
14.741  0.99901      
14.754  0.61799      
14.767  359.74047    
14.780  0.84600      
14.793  1.35526      
14.805  0.63568      
14.818  1.60014      
14.831  0.91034      
14.843  359.86246    
14.855  0.09724      
14.868  1.72281      
14.881  1.31624      
14.893  0.63432      
14.905  0.63432      
14.918  1.29727      
14.930  0.99617      
14.943  1.15713      
14.955  1.56583      
14.967  2.20883      
14.980  1.30195      
14.992  4.25574      
15.005  2.79526      
15.017  3.68227      
15.029  5.77689      
15.042  4.01603      
15.054  4.31805      
15.066  5.31504      
15.079  3.45620      
15.091  5.39823      
15.104  4.61674      
15.116  6.28759      
15.128  5.24882      
15.141  5.78949      
15.153  6.84531      
15.166  6.31923      
15.178  5.69806      
15.190  7.06793      
15.203  5.99472      
15.215  4.16002      
15.228  7.89530      
15.240  7.89530      
15.253  7.86134      
15.265  5.46330      
15.277  7.63574      
15.290  7.86391      
15.302  6.59941      
15.315  5.65037      
15.327  6.65306      
15.339  6.35190      
15.352  5.63872      
15.364  7.72367      
15.377  5.69004      
15.389  5.61861      
15.402  5.34507      
15.414  8.48799      
15.427  4.52699      
15.439  5.93894      
15.451  5.56758      
15.464  3.98565      
15.476  2.51890      
15.489  4.41652      
15.501  5.06873      
15.513  2.81863      
15.526  4.23878      
15.538  3.73795      
15.550  3.39276      
15.563  3.49513      
15.575  3.49513      
15.587  5.45929      
15.600  4.08562      
15.612  2.22047      
15.624  2.66647      
15.637  3.76739      
15.649  1.98978      
15.662  4.37370      
15.674  2.90294      
15.686  1.81024      
15.699  0.90704      
15.711  2.15184      
15.724  1.29821      
15.736  0.89064      
15.748  2.09817      
15.761  0.72392      
15.773  1.46520      
15.786  2.21779      
15.798  1.14161      
15.811  0.14083      
15.823  0.82389      
15.835  0.90107      
15.847  359.81042    
15.860  357.81816    
15.873  359.94085    
15.885  0.06324      
15.897  357.19858    
15.910  357.26096    
15.922  359.52734    
15.934  358.45240    
15.947  357.20989    
15.959  358.91483    
15.972  359.40276    
15.984  356.19262    
15.997  357.85548    
16.009  357.63592    
16.022  355.90289    
16.034  356.57878    
16.047  356.32862    
16.059  355.32258    
16.071  355.14690    
16.084  356.06402    
16.096  356.44868    
16.109  353.95241    
16.121  355.14299    
16.134  355.96348    
16.146  354.74132    
16.158  352.92631    
16.171  356.14975    
16.183  349.57722    
16.197  352.05429    
16.209  351.94206    
16.222  350.55680    
16.234  353.25713    
16.247  352.42451    
16.259  350.33722    
16.272  352.59917    
16.284  351.14281    
16.297  350.11796    
16.309  350.49350    
16.322  350.74553    
16.335  352.02007    
16.347  351.74555    
16.359  350.80096    
16.372  350.96774    
16.384  351.28825    
16.396  350.37931    
16.409  349.33849    
16.421  350.63571    
16.434  349.14332    
16.446  350.11996    
16.459  350.69292    
16.471  350.62735    
16.484  350.29486    
16.496  350.00001    
16.509  350.05801    
16.521  348.69381    
16.533  351.12292    
16.546  349.75047    
16.558  349.55862    
16.571  348.98786    
16.583  350.22631    
16.596  349.93366    
16.608  348.37613    
16.621  350.72857    
16.633  349.28018    
16.645  349.47103    
16.658  349.57252    
16.670  350.41036    
16.683  350.18595    
16.695  348.06710    
16.707  350.84071    
16.720  350.21692    
16.732  349.42774    
16.745  349.26176    
16.757  350.43483    
16.770  348.79297    
16.782  348.67101    
16.794  349.83096    
16.807  349.71109    
16.819  349.18253    
16.832  350.58767    
16.844  350.14157    
16.856  349.25592    
16.868  349.72118    
16.880  350.74356    
16.894  350.77591    
16.906  350.12373    
16.918  351.99776    
16.931  351.42110    
16.943  351.10465    
16.955  353.76536    
16.968  353.52156    
16.980  352.16215    
16.992  353.34757    
17.005  353.34757    
17.017  354.09182    
17.029  354.88058    
17.042  353.92630    
17.054  356.63937    
17.066  356.09422    
17.079  355.84428    
17.091  356.02422    
17.103  357.50957    
17.116  354.40029    
17.128  357.88985    
17.141  357.54982    
17.153  357.12217    
17.165  357.08486    
17.178  358.86272    
17.190  357.79002    
17.203  359.40359    
17.215  359.57872    
17.228  359.01708    
17.241  0.05923      
17.254  359.23058    
17.267  0.01998      
17.280  359.77917    
17.292  0.22130      
17.305  1.35737      
17.318  0.17843      
17.331  0.49631      
17.343  1.51061      
17.356  0.96601      
17.368  0.74800      
17.380  1.22787      
17.394  1.23093      
17.406  4.76364      
17.418  3.85064      
17.431  3.23773      
17.443  6.53888      
17.455  6.53888      
17.468  4.21218      
17.480  4.33963      
17.492  5.89096      
17.505  7.01682      
17.517  5.93517      
17.529  6.79195      
17.542  8.12719      
17.554  6.66859      
17.566  8.10888      
17.579  8.62140      
17.591  7.92874      
17.603  7.89231      
17.616  10.02346     
17.628  8.31050      
17.640  8.27552      
17.653  10.57380     
17.665  9.04491      
17.677  8.75396      
17.690  9.85608      
17.702  10.93155     
17.714  11.01729     
17.727  9.93351      
17.739  11.05049     
17.751  11.17255     
17.764  12.00245     
17.776  10.89678     
17.789  10.45634     
17.801  10.93243     
17.814  9.92625      
17.827  9.24562      
17.841  11.33096     
17.853  11.19729     
17.866  9.78026      
17.878  10.96546     
17.894  10.63011     
17.907  10.07827     
17.919  11.74584     
17.932  0.86070      
17.944  9.44830      
17.957  8.84043      
17.969  10.82616     
17.982  11.73440     
17.994  9.10652      
18.007  9.57842      
18.019  11.71196     
18.032  9.15068      
18.044  9.32392      
18.057  11.08614     
18.069  8.95570      
18.082  8.38977      
18.094  10.57381     
18.107  8.56655      
18.119  8.77782      
18.132  8.54757      
18.144  10.09666     
18.157  6.34707      
18.170  7.76517      
18.182  9.77292      
18.195  6.32868      
18.207  6.58692      
18.220  7.38527      
18.233  6.75080      
18.245  6.88321      
18.258  7.06759      
18.270  6.55531      
18.283  5.25215      
18.296  5.10819      
18.308  5.72764      
18.321  4.47249      
18.333  4.81692      
18.346  5.18509      
18.359  3.10587      
18.372  1.18397      
18.384  4.19055      
18.398  2.35526      
18.411  2.83554      
18.423  0.97914      
18.436  1.05479      
18.449  359.65631    
18.461  0.56831      
18.474  0.68206      
18.487  358.79239    
18.500  358.76645    
18.513  0.06305      
18.526  359.07925    
18.540  358.16237    
18.553  359.03489    
18.566  356.24037    
18.579  355.76591    
18.592  357.42406    
18.605  356.34290    
18.619  355.60919    
18.632  355.77350    
18.645  356.59601    
18.657  355.58120    
18.669  355.25340    
18.681  355.61549    
18.694  355.69134    
18.706  353.61598    
18.719  355.47218    
18.731  352.23978    
18.744  350.17244    
18.756  351.53241    
18.768  351.49457    
18.781  350.53137    
18.793  353.21014    
18.806  351.55415    
18.818  350.34291    
18.831  351.13270    
18.843  350.57537    
18.855  348.65511    
18.867  349.63223    
18.880  349.21293    
18.893  348.15106    
18.905  348.61926    
18.917  348.52519    
18.929  348.61176    
18.942  345.72481    
18.954  348.20180    
18.966  349.64032    
18.979  346.61562    
18.991  347.01262    
19.004  347.87437    
19.017  347.73603    
19.029  346.00158    
19.042  348.37613    
19.054  346.75182    
19.066  344.95697    
19.078  345.51003    
19.090  345.43321    
19.103  347.41468    
19.115  346.20651    
19.127  347.52669    
19.139  348.06365    
19.151  346.30899    
19.164  346.29076    
19.176  348.09235    
19.188  346.80939    
19.200  346.14264    
19.212  347.98892    
19.224  347.23774    
19.237  346.74553    
19.249  347.88606    
19.261  348.76144    
19.274  347.45650    
19.286  347.52773    
19.298  349.14488    
19.310  349.93004    
19.323  349.93004    
19.335  347.86719    
19.347  349.85662    
19.359  349.83575    
19.371  348.81222    
19.384  350.02366    
19.398  350.77819    
19.410  350.24934    
19.422  349.02022    
19.435  351.60554    
19.447  350.06901    
19.460  350.70982    
19.472  351.33309    
19.484  351.53341    
19.497  350.49403    
19.509  352.82766    
19.522  352.87971    
19.534  351.35383    
19.547  352.30865    
19.559  354.11927    
19.572  352.50311    
19.584  352.36953    
19.597  354.70128    
19.609  355.49104    
19.621  353.93036    
19.634  355.90625    
19.646  356.63467    
19.658  354.66603    
19.670  354.66603    
19.683  356.05547    
19.695  357.21725    
19.707  356.18198    
19.719  356.07027    
19.731  358.31764    
19.743  357.70245    
19.756  358.36860    
19.768  359.37018    
19.782  358.69273    
19.794  359.08513    
19.807  359.21158    
19.819  0.53676      
19.831  359.56595    
19.843  0.53490      
19.856  1.30927      
19.868  359.69350    
19.880  0.98292      
19.892  2.82535      
19.905  2.17295      
19.917  1.50744      
19.929  4.02454      
19.942  5.62855      
19.954  5.62855      
19.967  7.85859      
19.979  7.12502      
19.991  4.16864      
20.004  6.80189      
20.016  7.18911      
20.028  6.86023      
20.040  7.54006      
20.052  7.97534      
20.064  7.79657      
20.076  8.31999      
20.088  10.19907     
20.100  7.41631      
20.113  9.34441      
20.125  10.70476     
20.137  7.84683      
20.149  8.86406      
20.162  9.16960      
20.174  10.64799     
20.186  8.73196      
20.199  8.73196      
20.211  8.84689      
20.224  11.22471     
20.236  9.87939      
20.248  9.98265      
20.261  10.78329     
20.273  10.65120     
20.285  9.69530      
20.298  13.20495     
20.310  11.61454     
20.323  10.99893     
20.335  11.02702     
20.347  13.05072     
20.360  10.71257     
20.372  11.72231     
20.385  11.52590     
20.397  12.03375     
20.409  9.33756      
20.421  12.97390     
20.433  11.83812     
20.446  11.11599     
20.458  10.24987     
20.470  13.67522     
20.482  10.83357     
20.494  10.43640     
20.507  10.53775     
20.519  12.57609     
20.531  11.88324     
20.544  11.33096     
20.556  11.19083     
20.568  11.75114     
20.580  10.07301     
20.593  11.13974     
20.605  11.50537     
20.617  10.85892     
20.630  10.18052     
20.642  10.92245     
20.654  11.09332     
20.666  8.73527      
20.679  10.85725     
20.691  11.52590     
20.705  8.56829      
20.718  10.29916     
20.731  10.20316     
20.743  9.48927      
20.755  8.96303      
20.767  10.26242     
20.779  9.46232      
20.791  8.75419      
20.803  8.75419      
20.815  8.01108      
20.828  7.77634      
20.840  8.59591      
20.852  7.55215      
20.864  7.80674      
20.876  4.76364      
20.888  6.21081      
20.901  7.32110      
20.913  4.66124      
20.925  5.06835      
20.937  4.59313      
20.949  4.52257      
20.961  3.13835      
20.974  3.36026      
20.986  2.61190      
20.998  3.28660      
21.010  2.98719      
21.023  2.98719      
21.035  3.42441      
21.047  0.97489      
21.059  3.01621      
21.072  2.16681      
21.084  0.60463      
21.096  0.68059      
21.108  0.76362      
21.120  0.51635      
21.133  359.40447    
21.145  1.39363      
21.157  359.54497    
21.169  359.40533    
21.181  359.01914    
21.193  358.70086    
21.206  357.23683    
21.218  357.79106    
21.230  358.45021    
21.242  356.16054    
21.254  356.09487    
21.266  355.98689    
21.278  357.35518    
21.290  355.70116    
21.302  355.20953    
21.315  355.98618    
21.327  355.38478    
21.339  353.76941    
21.351  354.60878    
21.363  354.74962    
21.375  353.72599    
21.387  352.14036    
21.400  353.67088    
21.412  353.22534    
21.424  353.94948    
21.436  352.73236    
21.448  353.40446    
21.460  353.40446    
21.473  351.35094    
21.485  348.44727    
21.497  348.58201    
21.510  349.86477    
21.522  350.44251    
21.534  349.60801    
21.546  348.97486    
21.559  349.83863    
21.571  348.60595    
21.585  347.70855    
21.598  349.84714    
21.611  347.28591    
21.623  346.49456    
21.636  348.92075    
21.649  348.75166    
21.662  347.38803    
21.675  346.89597    
21.688  349.24013    
21.701  346.25680    
21.714  347.12978    
21.727  346.83497    
21.740  346.62595    
21.752  345.40834    
21.765  348.00169    
21.778  346.69596    
21.791  345.90791    
21.803  347.44865    
21.816  347.74893    
21.829  347.49757    
21.842  347.20058    
21.854  347.91621    
21.867  346.07855    
21.880  346.44243    
21.892  347.56602    
21.905  347.76050    
21.919  346.72260    
21.931  347.31493    
21.944  347.35081    
21.958  346.76266    
21.971  347.61970    
21.984  347.80937    
21.996  348.15053    
22.009  346.87564    
22.022  349.70041    
22.035  349.39935    
22.048  348.79973    
22.061  349.27527    
22.073  349.91401    
22.086  349.64036    
22.099  350.01224    
22.112  351.08024    
22.125  349.49138    
22.138  350.59984    
22.151  351.31151    
22.164  351.52181    
22.177  349.78420    
22.190  352.19696    
22.203  352.25760    
22.216  351.53552    
22.229  353.10075    
22.242  353.65770    
22.255  352.35686    
22.267  353.15338    
22.280  353.44590    
22.293  353.64109    
22.306  352.09072    
22.319  354.86780    
22.332  353.89382    
22.345  353.93770    
22.358  354.67785    
22.371  356.84408    
22.383  354.83423    
22.396  356.04602    
22.409  356.33221    
22.422  356.21022    
22.435  355.53901    
22.447  357.57966    
22.460  356.89568    
22.473  355.84840    
22.485  359.47490    
22.498  358.43417    
22.511  358.32951    
22.524  359.74263    
22.537  359.62565    
22.550  359.06828    
22.563  0.33130      
22.575  0.69004      
22.591  0.22021      
22.604  1.56407      
22.617  2.61506      
22.630  1.65537      
22.642  1.24194      
22.656  2.38918      
22.668  3.92396      
22.681  1.73149      
22.694  6.23859      
22.707  4.61885      
22.720  5.11942      
22.733  5.74690      
22.745  6.08544      
22.758  6.39760      
22.771  7.48609      
22.784  5.80568      
22.797  6.49643      
22.810  6.42442      
22.822  5.78474      
22.835  6.24255      
22.848  8.28520      
22.861  6.50966      
22.874  6.36566      
22.886  8.86699      
22.899  9.02625      
22.912  6.91434      
22.925  9.90120      
22.938  11.47211     
22.950  8.34686      
22.963  8.70307      
22.976  10.93018     
22.988  9.59113      
23.000  9.84669      
23.012  11.66744     
23.024  12.73839     
23.036  10.44391     
23.049  12.07704     
23.061  12.18226     
23.073  12.18226     
23.085  10.83279     
23.097  13.35317     
23.109  13.35317     
23.121  13.78048     
23.133  12.10072     
23.146  12.12115     
23.158  12.99305     
23.170  9.97361      
23.182  11.94336     
23.194  12.24806     
23.206  11.86562     
23.218  10.77540     
23.230  12.19314     
23.243  11.41154     
23.255  9.83158      
23.267  12.04061     
23.279  11.56107     
23.291  10.18466     
23.303  10.85612     
23.315  10.85612     
23.327  11.27242     
23.339  9.78731      
23.352  8.91862      
23.364  10.42663     
23.376  9.77734      
23.388  10.27598     
23.400  9.84873      
23.413  9.14284      
23.425  8.66074      
23.437  7.51614      
23.450  9.88259      
23.462  8.79741      
23.474  8.76076      
23.486  9.76426      
23.498  8.67492      
23.511  7.26931      
23.523  7.60735      
23.535  9.59641      
23.547  6.39514      
23.560  6.08334      
23.572  6.76652      
23.584  7.64240      
23.597  6.69896      
23.609  6.74492      
23.621  6.43427      
23.633  6.83860      
23.645  5.06602      
23.658  5.59488      
23.670  5.58589      
23.682  3.62389      
23.694  3.87048      
23.706  4.13441      
23.719  3.02903      
23.731  3.93445      
23.743  3.84791      
23.755  1.73888      
23.768  1.73002      
23.780  2.88130      
23.792  0.10357      
23.805  0.10357      
23.817  0.14910      
23.829  1.79120      
23.841  0.55486      
23.854  359.64269    
23.866  0.40348      
23.878  358.93445    
23.890  357.56117    
23.902  357.57787    
23.915  358.12729    
23.927  356.35456    
23.939  355.81147    
23.951  356.68073    
23.963  355.17215    
23.976  353.94519    
23.988  355.39068    
24.000  355.18099    
24.013  353.05394    
24.025  351.35884    
24.037  352.19580    
24.049  352.19580    
24.062  352.40406    
24.074  350.98720    
24.086  350.42182    
24.098  351.56391    
24.111  350.63530    
24.123  350.99101    
24.135  352.57115    
24.147  351.32581    
24.160  349.02895    
24.172  349.33668    
24.184  351.35005    
24.196  350.29284    
24.208  347.52917    
24.221  348.99231    
24.233  349.58084    
24.245  347.87367    
24.257  349.02401    
24.269  350.05999    
24.282  348.37488    
24.294  348.37488    
24.306  347.59333    
24.318  347.50674    
24.330  347.16990    
24.342  346.31091    
24.355  348.44404    
24.367  347.10080    
24.379  345.89783    
24.391  346.98172    
24.403  348.25418    
24.415  347.05243    
24.428  346.47707    
24.440  347.55554    
24.452  347.15263    
24.464  346.59596    
24.476  347.05285    
24.488  347.47328    
24.501  346.39521    
24.513  346.39521    
24.525  347.18080    
24.537  347.89706    
24.549  347.63223    
24.561  347.30382    
24.574  349.16628    
24.586  347.74435    
24.598  346.82864    
24.610  349.26363    
24.622  349.05135    
24.635  347.36922    
24.647  347.78877    
24.659  350.01802    
24.671  347.27982    
24.684  348.74707    
24.696  350.90898    
24.709  349.95414    
24.721  348.64155    
24.734  349.73930    
24.746  350.47495    
24.759  348.23946    
24.771  351.11572    
24.784  350.36282    
24.796  349.69007    
24.809  349.51765    
24.821  348.70128    
24.834  351.87787    
24.846  350.06622    
24.859  349.28946    
24.872  351.72786    
24.884  351.22275    
24.896  351.76793    
24.908  350.91048    
24.920  353.04468    
24.933  350.97185    
24.946  352.90323    
24.958  353.86541    
24.971  354.06775    
24.984  352.05522    
24.996  354.84171    
25.009  354.32381    
25.022  353.59369    
25.034  355.72192    
25.047  356.63472    
25.059  355.34217    
25.072  355.98073    
25.085  357.87252    
25.097  356.54299    
25.110  356.99994    
25.122  357.74156    
25.135  357.77660    
25.147  356.77409    
25.160  358.55149    
25.172  359.08288    
25.185  357.58076    
25.197  358.45025    
25.209  359.89969    
25.222  0.25439      
25.234  0.68486      
25.247  0.70163      
25.259  2.01205      
25.272  0.90143      
25.284  0.96580      
25.297  2.49396      
25.309  2.18745      
25.322  1.75130      
25.334  4.18843      
25.347  2.44892      
25.359  2.55433      
25.372  3.34465      
25.385  4.55254      
25.397  3.38645      
25.410  4.90318      
25.423  5.56684      
25.436  5.41773      
25.448  10.44195     
25.461  9.25527      
25.474  9.07386      
25.487  8.81601      
25.500  8.57393      
25.513  7.97953      
25.526  9.81930      
25.538  12.20778     
25.551  9.16845      
25.564  10.17712     
25.577  12.66713     
25.590  10.12018     
25.602  10.25857     
25.615  13.67411     
25.628  12.43114     
25.641  11.32199     
25.654  13.43980     
25.667  13.42277     
25.680  12.07722     
25.693  13.81065     
25.706  14.32758     
25.719  13.72944     
25.732  14.16120     
25.745  14.84223     
25.758  17.13284     
25.771  14.21390     
25.784  15.81081     
25.797  15.56749     
25.810  14.80189     
25.824  16.09639     
25.837  16.84805     
25.850  15.15071     
25.863  15.43460     
25.876  15.41417     
25.888  16.08294     
25.901  15.96653     
25.914  13.78275     
25.927  15.37520     
25.940  13.36128     
25.952  14.73122     
25.965  13.99456     
25.978  13.94251     
25.991  13.25647     
26.004  14.72495     
26.017  14.40115     
26.030  12.83534     
26.042  12.83481     
26.054  14.98016     
26.067  13.78039     
26.079  11.30555     
26.091  13.49487     
26.103  13.51172     
26.115  10.37788     
26.127  11.79050     
26.139  12.96173     
26.151  11.17044     
26.164  10.74412     
26.176  13.47489     
26.188  11.61872     
26.200  10.41852     
26.212  10.41852     
26.224  11.62111     
26.237  11.27256     
26.249  8.38568      
26.261  9.33867      
26.273  9.26113      
26.285  8.25398      
26.297  8.93000      
26.309  8.54584      
26.321  7.88755      
26.333  7.56499      
26.345  8.63042      
26.357  7.23991      
26.370  6.62908      
26.382  6.92345      
26.394  5.64945      
26.406  5.64945      
26.418  5.53257      
26.430  7.28355      
26.442  5.83189      
26.454  2.89358      
26.466  3.91855      
26.478  4.39066      
26.490  1.72346      
26.503  3.15602      
26.515  4.30516      
26.527  3.08909      
26.539  1.06736      
26.551  3.94017      
26.563  1.91055      
26.575  0.06338      
26.587  1.33666      
26.599  1.16697      
26.611  1.16181      
26.623  359.33777    
26.636  359.97940    
26.648  0.97207      
26.660  359.48141    
26.672  358.41473    
26.684  0.27505      
26.696  357.83074    
26.708  358.00958    
26.720  357.73513    
26.732  359.77475    
26.745  355.66643    
26.757  356.15136    
26.769  356.00862    
26.781  354.31714    
26.793  356.21511    
26.805  355.09081    
26.817  355.16814    
26.829  354.37017    
26.842  353.49579    
26.854  354.22092    
26.866  354.20396    
26.878  351.57228    
26.890  351.63531    
26.902  352.55558    
26.915  351.67003    
26.927  351.76000    
26.939  352.39073    
26.952  350.63286    
26.964  349.59496    
26.976  350.06347    
26.989  347.82744    
27.001  349.67232    
27.014  350.01921    
27.027  348.28705    
27.039  349.85180    
27.052  349.68979    
27.064  348.52287    
27.077  346.84629    
27.090  349.90222    
27.102  347.72421    
27.115  347.80217    
27.127  358.06231    
27.140  349.49766    
27.152  347.78849    
27.165  346.02106    
27.178  348.19612    
27.190  348.10633    
27.203  346.13429    
27.215  347.47750    
27.228  347.98811    
27.240  346.71299    
27.253  346.11597    
27.265  347.40332    
27.278  346.85613    
27.290  345.96376    
27.303  346.96154    
27.315  346.54474    
27.328  345.17681    
27.340  346.27682    
27.353  346.00126    
27.365  344.64277    
27.378  345.06235    
27.390  347.54220    
27.403  345.22847    
27.416  344.32336    
27.428  345.80688    
27.440  346.35727    
27.453  346.42892    
27.465  344.96470    
27.477  347.95461    
27.489  345.73581    
27.501  346.29167    
27.513  348.14441    
27.525  348.22383    
27.538  348.53722    
27.550  348.34712    
27.562  348.21779    
27.575  349.56149    
27.587  347.77797    
27.599  346.80013    
27.612  350.75343    
27.624  348.56218    
27.636  348.61755    
27.649  349.71411    
27.661  350.04033    
27.673  349.33493    
27.685  348.76528    
27.698  351.17962    
27.710  349.55151    
27.722  349.92597    
27.735  352.31078    
27.747  350.42085    
27.760  351.19940    
27.772  352.58743    
27.785  352.95984    
27.797  351.83970    
27.810  353.92466    
27.822  353.94932    
27.834  354.43602    
27.847  352.70749    
27.859  354.83598    
27.872  355.05365    
27.884  354.32922    
27.896  354.16187    
27.909  356.78026    
27.922  355.13933    
27.935  355.63810    
27.948  356.48625    
27.960  356.45709    
27.973  355.40106    
27.986  358.50929    
27.999  357.39184    
28.012  358.87389    
28.024  358.97983    
28.037  0.84313      
28.050  359.16880    
28.063  359.98038    
28.076  1.10171      
28.088  0.37027      
28.101  1.31854      
28.114  0.18403      
28.127  2.57001      
28.140  0.71260      
28.153  1.96196      
28.165  3.68944      
28.178  1.50638      
28.191  2.19803      
28.204  4.63152      
28.216  3.98201      
28.229  3.48277      
28.242  5.40488      
28.255  4.89505      
28.267  5.04245      
28.280  7.62022      
28.293  6.57524      
28.305  8.23291      
28.318  9.58051      
28.331  6.56401      
28.343  9.88938      
28.356  12.06847     
28.369  9.54696      
28.381  9.63481      
28.393  11.55175     
28.405  10.67670     
28.419  9.95026      
28.432  11.88316     
28.444  12.71002     
28.456  10.69925     
28.468  13.68346     
28.481  15.80048     
28.493  13.96185     
28.505  14.11047     
28.518  14.11047     
28.530  15.71536     
28.542  16.09977     
28.554  13.62378     
28.567  14.84012     
28.579  16.02799     
28.591  14.94997     
28.604  16.73238     
28.616  16.85408     
28.629  15.62960     
28.641  16.39324     
28.653  17.25636     
28.666  15.31081     
28.678  16.44073     
28.690  18.11288     
28.703  16.80488     
28.715  14.30555     
28.727  17.97995     
28.740  17.17191     
28.752  14.86847     
28.764  15.07335     
28.777  16.28561     
28.789  16.04269     
28.801  14.71664     
28.814  14.12194     
28.826  17.15828     
28.838  15.70238     
28.850  14.20490     
28.863  15.71137     
28.875  17.56053     
28.887  14.81537     
28.899  13.96162     
28.912  15.17842     
28.924  14.76179     
28.936  12.40245     
28.948  13.71848     
28.961  14.55724     
28.973  14.21842     
28.985  13.39354
