3.709    165.46619    
3.721    165.44367    
3.733    165.24595    
3.745    165.50812    
3.757    164.39621    
3.770    165.91041    
3.783    166.58266    
3.795    164.88326    
3.808    166.12565    
3.820    165.58690    
3.833    164.68803    
3.845    165.39229    
3.858    165.07948    
3.870    164.22606    
3.882    164.32451    
3.895    162.83666    
3.907    164.88488    
3.920    164.20644    
3.932    162.45451    
3.944    161.98490    
3.956    163.52195    
3.969    155.46809    
3.981    162.65399    
3.993    160.49892    
4.005    161.19220    
4.018    159.49023    
4.030    160.39342    
4.042    160.24423    
4.054    160.87399    
4.067    160.05860    
4.079    159.59428    
4.092    160.61191    
4.104    159.40919    
4.116    158.75999    
4.128    159.20768    
4.141    158.72709    
4.153    156.68175    
4.165    157.90342    
4.178    157.19652    
4.190    156.96991    
4.202    157.69811    
4.214    157.41433    
4.227    156.77700    
4.239    157.11951    
4.252    157.34140    
4.264    157.55391    
4.277    156.12497    
4.290    156.29846    
4.302    156.99884    
4.315    155.74323    
4.327    154.98010    
4.340    155.64423    
4.352    156.00601    
4.367    154.70979    
4.379    155.16445    
4.391    155.24689    
4.404    154.89247    
4.416    152.81605    
4.428    154.77322    
4.441    153.16543    
4.453    153.19718    
4.466    154.24033    
4.478    153.12528    
4.490    152.35471    
4.503    152.71778    
4.515    152.10879    
4.527    151.84931    
4.539    150.90005    
4.552    151.50227    
4.564    150.28571    
4.576    150.12907    
4.589    149.60674    
4.601    149.31116    
4.613    149.85545    
4.626    149.23121    
4.638    149.23121    
4.650    149.66752    
4.663    148.81204    
4.675    148.78369    
4.688    148.65629    
4.700    146.96009    
4.713    147.25124    
4.725    147.61355    
4.737    145.92766    
4.750    146.44309    
4.762    147.72790    
4.774    146.80694    
4.786    145.39056    
4.799    144.98156    
4.811    145.63009    
4.824    143.94021    
4.836    143.64745    
4.848    144.42705    
4.861    143.61496    
4.873    142.40862    
4.886    144.47873    
4.899    142.56345    
4.912    142.87335    
4.925    141.58832    
4.937    141.22604    
4.950    140.93579    
4.963    141.11105    
4.975    140.58415    
4.988    139.90478    
5.001    139.02018    
5.014    139.75708    
5.027    139.22371    
5.039    137.41919    
5.051    138.89115    
5.063    138.89115    
5.075    137.69781    
5.087    137.14552    
5.100    135.48564    
5.113    136.50891    
5.126    134.71675    
5.139    135.75017    
5.152    135.43532    
5.165    135.52584    
5.178    134.66832    
5.190    132.78912    
5.203    133.40305    
5.215    132.38060    
5.227    132.05297    
5.240    132.29079    
5.252    130.62542    
5.264    131.89618    
5.276    131.79712    
5.288    131.03202    
5.300    129.74734    
5.313    129.50876    
5.325    128.85100    
5.337    128.63061    
5.349    127.46494    
5.364    127.23534    
5.376    127.37633    
5.389    127.36080    
5.401    126.21625    
5.413    125.63590    
5.426    126.30607    
5.438    125.62727    
5.450    124.26358    
5.463    123.82091    
5.475    122.78972    
5.487    122.26565    
5.500    122.86951    
5.512    121.55886    
5.525    122.05133    
5.537    121.63964    
5.549    120.09925    
5.562    120.49964    
5.574    120.36427    
5.586    118.61574    
5.599    118.35677    
5.611    119.57438    
5.624    119.45566    
5.636    118.02519    
5.649    117.03409    
5.661    116.90696    
5.674    116.54314    
5.686    115.39696    
5.699    115.69947    
5.711    113.43118    
5.723    113.59516    
5.736    113.04871    
5.748    112.59582    
5.760    112.74568    
5.773    110.29566    
5.785    111.02915    
5.797    111.02915    
5.809    110.89972    
5.822    109.39501    
5.834    108.46132    
5.846    109.27846    
5.859    107.35893    
5.871    106.48396    
5.884    108.04907    
5.896    105.20398    
5.909    106.26351    
5.921    105.21529    
5.934    105.07155    
5.946    104.92929    
5.958    102.49157    
5.971    102.79604    
5.983    101.79106    
5.996    100.92785    
6.008    100.87581    
6.021    99.18122     
6.033    100.39141    
6.046    99.65631     
6.058    95.72251     
6.071    96.36524     
6.084    97.13605     
6.096    97.05768     
6.109    94.27083     
6.122    93.14235     
6.135    93.48998     
6.147    93.30014     
6.160    92.39130     
6.172    92.13815     
6.184    91.72074     
6.197    91.72074     
6.209    88.64436     
6.222    89.44643     
6.234    88.27621     
6.246    87.15144     
6.259    85.89409     
6.271    84.32911     
6.283    84.98458     
6.296    83.11532     
6.308    82.67497     
6.321    82.25425     
6.333    82.94269     
6.345    83.09788     
6.358    80.19300     
6.370    78.42014     
6.382    79.33605     
6.394    77.74903     
6.407    78.23406     
6.419    74.80849     
6.432    74.12937     
6.444    74.99508     
6.457    74.00104     
6.469    74.61083     
6.481    72.68643     
6.494    72.62858     
6.506    71.20415     
6.518    71.20415     
6.531    68.81524     
6.543    69.10524     
6.555    67.72274     
6.568    65.71396     
6.580    67.43444     
6.593    66.19130     
6.605    63.37195     
6.617    63.03397     
6.630    62.61752     
6.642    61.67298     
6.654    61.16149     
6.667    61.11217     
6.679    59.43301     
6.692    57.77011     
6.704    57.88611     
6.716    57.42245     
6.728    56.21704     
6.741    56.32191     
6.753    53.97569     
6.765    54.83236     
6.777    52.01718     
6.789    51.18106     
6.801    51.01606     
6.814    49.55269     
6.826    48.35247     
6.839    48.60738     
6.851    47.22846     
6.863    47.98544     
6.876    45.13383     
6.888    43.80683     
6.900    42.31599     
6.913    41.79288     
6.925    41.39708     
6.937    40.81360     
6.949    40.36294     
6.961    39.13393     
6.973    38.61010     
6.985    38.78259     
6.998    38.12876     
7.010    36.42113     
7.022    33.56714     
7.034    34.48816     
7.046    34.48816     
7.058    33.90772     
7.070    32.58437     
7.083    31.88090     
7.095    31.19924     
7.107    30.22881     
7.120    30.32117     
7.132    29.36008     
7.145    28.10883     
7.157    27.12082     
7.170    26.29727     
7.182    25.28100     
7.195    24.74028     
7.207    24.40651     
7.219    24.27181     
7.233    23.87495     
7.245    21.30033     
7.257    21.83742     
7.270    21.82207     
7.282    18.29558     
7.294    18.98206     
7.307    18.81257     
7.319    16.81808     
7.331    16.95883     
7.344    17.72763     
7.356    14.40839     
7.370    17.68403     
7.382    14.15929     
7.395    11.81813     
7.407    11.81813     
7.419    12.18464     
7.432    11.84071     
7.444    11.05179     
7.457    9.33471      
7.469    10.22792     
7.482    8.66713      
7.495    7.83016      
7.507    8.09645      
7.520    6.27601      
7.532    4.60926      
7.545    4.83367      
7.557    6.08881      
7.570    2.39877      
7.583    2.25110      
7.595    3.47274      
7.608    2.02864      
7.620    0.27465      
7.633    0.86422      
7.646    359.04312    
7.658    357.47695    
7.671    358.19616    
7.684    355.20834    
7.696    354.99372    
7.709    355.49699    
7.722    354.64544    
7.734    351.55352    
7.747    352.26308    
7.759    352.00962    
7.772    351.38745    
7.784    348.14625    
7.797    351.25232    
7.809    347.90819    
7.822    347.80113    
7.834    347.53700    
7.847    345.95370    
7.859    345.68114    
7.872    346.03211    
7.884    346.66474    
7.897    344.08572    
7.909    344.08572    
7.922    344.35530    
7.934    345.27802    
7.947    342.40256    
7.959    342.96878    
7.972    340.47419    
7.984    339.45286    
7.997    340.11602    
8.009    338.88917    
8.022    337.11141    
8.034    338.72326    
8.047    337.80924    
8.059    337.05338    
8.072    336.08010    
8.084    335.83428    
8.097    335.66800    
8.109    334.87985    
8.122    336.41778    
8.134    333.30098    
8.146    333.80335    
8.159    333.63678    
8.171    334.11827    
8.183    332.31646    
8.196    332.26463    
8.208    332.97365    
8.220    331.74449    
8.233    330.60741    
8.245    331.85655    
8.257    330.01836    
8.270    330.01836    
8.282    331.13614    
8.295    330.57297    
8.307    331.55572    
8.319    330.18233    
8.332    330.90698    
8.344    332.18610    
8.356    331.17648    
8.369    330.75052    
8.382    330.81983    
8.394    329.68802    
8.407    329.93904    
8.420    330.07192    
8.433    331.61796    
8.445    330.84878    
8.458    330.64437    
8.470    331.60934    
8.483    331.33049    
8.496    331.06325    
8.508    331.03946    
8.521    329.79602    
8.533    329.67302    
8.546    330.15814    
8.558    330.84678    
8.571    329.75448    
8.584    329.79353    
8.596    330.31551    
8.608    330.48048    
8.621    330.91417    
8.634    331.80937    
8.646    330.64225    
8.659    330.48942    
8.671    331.13714    
8.684    332.21409    
8.696    331.58707    
8.709    332.21447    
8.721    333.81653    
8.734    332.01448    
8.746    331.07877    
8.759    331.08857    
8.771    332.25463    
8.784    332.95467    
8.796    331.56260    
8.809    333.02380    
8.822    332.25463    
8.834    333.88774    
8.847    333.22427    
8.860    334.51795    
8.872    332.94350    
8.885    332.78243    
8.898    335.32450    
8.910    334.27439    
8.923    335.66368    
8.935    336.01266    
8.948    335.58558    
8.961    335.01308    
8.973    337.18751    
8.986    338.16694    
8.998    337.07848    
9.011    338.22223    
9.024    338.09700    
9.036    337.85767    
9.049    338.19510    
9.062    339.45699    
9.074    339.48825    
9.087    338.84046    
9.099    341.01928    
9.112    340.40861    
9.124    338.51717    
9.137    340.40146    
9.149    341.57104    
9.162    343.05797    
9.174    342.52588    
9.186    342.46968    
9.199    342.10461    
9.212    342.52929    
9.224    345.18639    
9.236    343.68215    
9.249    343.68215    
9.262    343.98620    
9.274    345.08214    
9.287    345.32531    
9.299    344.47383    
9.311    345.36368    
9.324    348.22396    
9.336    347.01243    
9.349    346.08999    
9.361    347.69164    
9.374    347.56427    
9.387    348.13148    
9.399    348.70887    
9.411    348.87740    
9.424    348.53976    
9.436    350.92086    
9.448    351.08176    
9.461    349.01227    
9.473    351.35364    
9.485    353.20651    
9.498    351.02640    
9.510    352.04996    
9.522    354.99141    
9.535    354.54008    
9.547    353.66625    
9.559    354.93953    
9.572    355.53593    
9.584    354.83222    
9.597    356.98825    
9.609    357.03706    
9.621    357.88393    
9.634    356.94738    
9.646    357.98742    
9.659    0.42849      
9.671    357.97006    
9.683    1.55721      
9.696    2.71980      
9.708    2.18689      
9.720    2.77472      
9.733    3.68426      
9.745    3.22315      
9.757    3.58132      
9.770    4.66566      
9.782    5.64981      
9.795    4.91723      
9.807    6.42025      
9.820    7.68462      
9.833    7.42336      
9.845    7.85266      
9.858    8.20608      
9.870    8.88827      
9.882    10.19353     
9.895    10.83739     
9.908    9.26325      
9.920    9.61468      
9.933    12.34287     
9.946    11.77979     
9.958    11.15550     
9.971    12.14800     
9.984    15.37625     
9.996    19.62172     
10.009   19.62172     
10.022   19.23581     
10.034   17.50104     
10.047   18.44183     
10.059   19.46654     
10.072   19.84962     
10.084   18.70915     
10.097   19.88891     
10.110   20.80912     
10.122   18.90221     
10.135   21.84381     
10.147   23.03965     
10.160   21.29770     
10.173   20.66680     
10.185   22.96537     
10.198   24.20330     
10.211   21.70054     
10.223   25.21148     
10.236   24.83951     
10.248   23.34585     
10.261   24.06925     
10.273   26.89865     
10.286   23.83039     
10.299   23.95605     
10.311   24.95047     
10.324   25.31543     
10.336   22.58747     
10.349   23.98982     
10.362   24.06872     
10.374   23.32764     
10.386   23.35469     
10.399   23.91019     
10.411   24.02268     
10.424   23.15621     
10.436   22.61986     
10.449   23.63182     
10.462   22.69768     
10.474   23.25750     
10.487   23.47299     
10.499   21.55306     
10.512   20.11982     
10.524   20.87231     
10.537   21.14795     
10.549   21.13275     
10.562   19.34863     
10.574   19.93572     
10.586   19.33301     
10.599   19.59731     
10.611   19.47801     
10.624   19.03424     
10.637   17.42848     
10.649   17.64831     
10.662   17.95799     
10.674   16.26683     
10.687   16.21324     
10.699   15.75168     
10.712   14.02650     
10.724   14.08788     
10.737   15.40053     
10.749   14.57578     
10.762   13.84276     
10.774   14.83597     
10.787   13.07070     
10.799   12.21425     
10.811   12.63620     
10.824   12.45641     
10.836   11.35475     
10.849   10.14709     
10.861   11.32982     
10.874   10.25076     
10.887   10.00678     
10.899   8.57941      
10.912   9.03764      
10.924   7.28511      
10.937   6.39195      
10.949   6.98394      
10.962   6.55719      
10.975   4.31032      
10.988   6.19086      
11.001   2.27505      
11.014   1.93844      
11.027   3.46158      
11.040   2.19332      
11.052   0.78510      
11.064   0.79178      
11.076   1.54761      
11.088   0.45129      
11.100   359.44752    
11.112   0.09665      
11.124   359.74768    
11.137   357.30594    
11.149   357.17813    
11.161   358.39455    
11.173   355.76879    
11.185   354.62541    
11.197   357.06382    
11.209   354.07130    
11.221   352.61396    
11.234   354.62529    
11.246   352.47798    
11.258   352.82233    
11.270   352.78842    
11.282   352.37535    
11.294   352.31783    
11.306   350.52489    
11.318   351.28228    
11.330   351.68606    
11.343   349.20946    
11.355   348.89289    
11.367   350.40280    
11.379   349.19690    
11.391   348.59640    
11.404   349.06960    
11.416   344.85416    
11.428   346.74628    
11.440   346.33319    
11.452   343.70678    
11.464   344.93430    
11.476   344.93430    
11.488   346.98172    
11.500   344.97088    
11.513   344.23220    
11.525   346.14584    
11.537   343.95682    
11.549   343.95124    
11.561   343.13238    
11.573   344.64877    
11.585   341.10191    
11.597   342.92884    
11.609   342.38545    
11.622   340.80178    
11.634   341.21788    
11.646   344.21845    
11.659   341.68594    
11.671   341.96531    
11.683   341.24644    
11.696   342.22401    
11.708   342.40890    
11.720   340.52301    
11.733   342.21453    
11.745   341.70765    
11.757   341.25258    
11.770   340.89088    
11.782   341.00967    
11.794   341.37083    
11.807   340.06135    
11.819   340.85527    
11.832   341.23447    
11.844   340.27055    
11.856   340.16478    
11.868   342.55716    
11.881   341.04117    
11.893   339.65181    
11.906   341.61694    
11.918   341.19450    
11.931   340.72530    
11.943   341.96130    
11.955   342.71420    
11.968   341.11120    
11.980   342.84822    
11.992   344.07150    
12.004   344.07150    
12.017   342.78272    
12.029   343.14001    
12.042   343.89634    
12.054   344.74333    
12.066   343.90270    
12.078   344.26244    
12.091   344.99600    
12.103   344.23182    
12.115   344.52589    
12.128   345.89041    
12.140   344.19520    
12.152   345.31104    
12.165   346.91523    
12.177   344.87937    
12.192   345.81435    
12.204   347.21038    
12.217   346.53710    
12.229   347.32758    
12.242   347.05573    
12.254   348.09545    
12.267   347.08393    
12.279   348.42059    
12.292   349.01406    
12.304   347.72319    
12.317   348.81493    
12.330   350.74620    
12.342   349.59945    
12.354   349.39855    
12.367   350.77528    
12.379   351.51870    
12.392   349.63764    
12.405   351.62977    
12.417   352.59198    
12.430   352.50414    
12.442   351.29478    
12.454   353.48181    
12.466   353.93199    
12.479   353.48075    
12.491   353.81924    
12.503   355.59088    
12.515   354.66409    
12.528   353.95436    
12.540   356.18235    
12.552   356.80745    
12.564   355.30262    
12.576   357.13759    
12.588   357.12463    
12.600   356.85979    
12.612   356.78171    
12.625   358.51380    
12.637   358.57644    
12.649   356.64591    
12.662   359.82731    
12.674   359.82425    
12.686   359.04266    
12.699   359.09702    
12.711   359.27749    
12.724   1.82048      
12.736   0.51122      
12.748   1.48013      
12.760   1.90659      
12.772   1.32819      
12.784   2.68806      
12.796   2.64345      
12.808   1.71412      
12.820   2.02298      
12.832   4.50574      
12.845   3.81279      
12.857   2.31000      
12.869   3.77893      
12.881   5.00655      
12.893   5.00655      
12.905   4.01784      
12.917   4.59290      
12.930   4.19749      
12.942   6.64429      
12.954   8.95664      
12.966   6.86294      
12.978   6.11844      
12.991   9.01583      
13.003   9.30101      
13.015   7.45525      
13.028   8.77201      
13.040   11.05574     
13.052   8.26596      
13.064   10.67536     
13.077   11.32996     
13.089   9.42253      
13.101   10.35840     
13.113   11.95114     
13.126   11.25742     
13.138   0.65106      
13.150   9.48279      
13.162   12.15771     
13.174   11.68195     
13.186   10.41372     
13.199   10.17501     
13.211   12.31257     
13.223   11.51527     
13.235   11.92736     
13.247   12.78190     
13.260   12.93806     
13.272   12.98991     
13.284   12.75639     
13.296   12.46229     
13.309   12.53102     
13.321   11.91244     
13.333   13.86847     
13.345   11.45201     
13.358   10.96931     
13.370   13.73493     
13.382   13.60826     
13.394   11.75677     
13.406   11.82101     
13.419   11.62562     
13.431   12.27431     
13.443   11.62674     
13.455   11.56919     
13.467   11.67890     
13.479   11.19593     
13.491   9.92213      
13.503   10.40407     
13.515   10.81591     
13.528   9.97771      
13.540   10.40005     
13.552   10.17810     
13.564   9.26291      
13.576   9.12304      
13.588   9.12304      
13.600   9.33150      
13.612   9.35738      
13.624   8.43358      
13.637   8.53865      
13.649   8.77201      
13.661   6.92146      
13.674   7.60132      
13.686   7.85127      
13.698   6.51214      
13.710   6.06692      
13.723   7.02483      
13.735   6.59908      
13.747   4.79612      
13.760   5.09478      
13.772   5.72291      
13.784   3.65526      
13.796   4.66811      
13.809   5.31223      
13.821   2.43707      
13.833   2.43707      
13.845   4.22669      
13.858   3.68288      
13.870   2.25003      
13.882   2.29650      
13.894   1.73631      
13.907   2.14759      
13.919   0.53343      
13.931   1.75711      
13.943   0.18469      
13.956   0.05964      
13.968   359.13775    
13.980   359.26293    
13.993   357.56542    
14.005   358.36745    
14.017   358.00773    
14.030   357.58077    
14.042   357.46523    
14.055   357.52530    
14.067   356.18210    
14.080   356.68136    
14.092   355.55478    
14.105   357.08950    
14.117   354.20583    
14.130   354.50386    
14.142   354.50386    
14.155   355.05859    
14.167   352.70281    
14.180   353.86040    
14.192   353.39702    
14.205   352.05241    
14.217   352.04312    
14.230   353.20918    
14.242   352.16358    
14.255   349.86232    
14.267   349.28065    
14.280   348.50497    
14.292   349.70309    
14.305   350.19740    
14.317   347.31962    
14.330   349.58425    
14.342   348.01125    
14.355   347.49345    
14.367   348.54671    
14.380   348.03670    
14.392   347.04907    
14.405   347.21883    
14.417   346.24860    
14.429   347.02910    
14.442   345.57353    
14.454   344.18814    
14.466   346.14584    
14.479   344.00057    
14.492   344.72407    
14.504   345.99114    
14.516   345.53488    
14.529   344.33840    
14.541   344.33840    
14.554   346.30193    
14.566   345.80123    
14.580   343.55054    
14.592   345.71536    
14.605   346.15853    
14.617   345.43666    
14.629   345.18582    
14.641   346.44397    
14.653   344.22546    
14.665   344.56183    
14.677   346.18353    
14.689   345.47139    
14.702   345.18783    
14.714   345.37988    
14.726   346.65762    
14.738   344.83570    
14.750   345.29901    
14.762   347.04544    
14.774   346.22737    
14.786   346.33210    
14.798   346.33210    
14.811   345.72375    
14.823   347.17805    
14.834   347.03944    
14.846   347.10907    
14.859   347.51821    
14.871   346.46155    
14.883   347.86984    
14.895   347.60479    
14.907   347.36360    
14.919   348.27249    
14.931   348.72960    
14.943   348.52544    
14.956   348.02008    
14.968   349.45105    
14.980   350.12564    
14.992   341.28346    
15.005   350.02856    
15.017   350.24873    
15.029   350.75007    
15.042   349.57783    
15.054   350.48282    
15.066   351.61505    
15.078   351.12534    
15.090   349.99091    
15.102   352.74909    
15.114   352.35914    
15.126   351.30557    
15.139   353.36024    
15.151   354.03854    
15.164   353.78310    
15.176   353.95657    
15.189   355.34188    
15.201   353.15197    
15.213   355.47099    
15.226   356.28594    
15.238   355.42074    
15.250   355.76300    
15.262   355.25460    
15.275   356.88999    
15.287   356.54534    
15.299   355.65265    
15.311   357.14148    
15.324   358.05100    
15.336   357.23524    
15.348   357.70865    
15.361   359.33024    
15.373   356.85153    
15.385   359.08379    
15.397   359.21439    
15.409   0.59882      
15.422   358.21595    
15.434   0.96429      
15.446   0.84252      
15.458   0.35575      
15.470   2.17955      
15.483   2.96838      
15.495   1.17979      
15.507   1.17979      
15.519   2.09338      
15.531   3.79467      
15.544   3.88017      
15.556   2.93617      
15.568   4.40912      
15.581   5.05947      
15.593   4.40019      
15.605   6.07712      
15.617   5.23779      
15.630   4.89515      
15.642   6.41062      
15.654   6.89306      
15.667   6.31648      
15.679   9.39503      
15.691   8.17825      
15.704   11.48714     
15.716   11.29799     
15.729   9.01280      
15.741   10.22886     
15.753   11.76669     
15.766   11.92514     
15.778   9.74031      
15.791   12.70596     
15.804   12.70596     
15.816   12.08109     
15.828   11.04810     
15.840   12.62921     
15.852   12.80071     
15.865   11.24378     
15.877   12.24159     
15.890   12.39520     
15.902   11.91989     
15.915   12.58713     
15.927   13.85274     
15.940   14.28507     
15.952   11.32203     
15.964   14.71729     
15.977   14.68205     
15.989   15.17257     
16.001   12.87901     
16.014   16.17012     
16.026   14.45060     
16.038   14.38497     
16.050   14.73622     
16.063   15.34425     
16.075   14.13864     
16.087   13.11390     
16.100   13.11390     
16.112   15.21430     
16.124   12.81328     
16.136   13.70167     
16.149   14.93531     
16.161   12.91727     
16.173   11.56852     
16.185   13.46659     
16.198   13.72040     
16.210   11.31383     
16.222   12.62271     
16.234   13.11817     
16.247   12.33909     
16.259   12.30617     
16.271   12.48689     
16.283   11.40300     
16.295   10.98271     
16.307   11.70952     
16.319   12.60180     
16.331   12.60180     
16.344   10.52414     
16.356   10.54358     
16.368   11.36160     
16.381   9.68638      
16.393   9.42037      
16.406   9.10208      
16.418   9.11861      
16.430   8.62360      
16.443   8.25018      
16.455   9.74992      
16.467   7.18871      
16.479   8.13306      
16.492   7.91890      
16.504   5.47546      
16.516   5.64486      
16.529   7.80543      
16.541   6.53791      
16.554   4.75709      
16.566   5.66713      
16.578   3.92942      
16.591   3.83197      
16.603   4.62505      
16.615   4.32456      
16.628   4.32456      
16.640   2.34098      
16.652   3.41990      
16.665   3.20666      
16.677   2.64727      
16.689   0.97489      
16.702   0.60494      
16.714   1.14899      
16.727   359.54402    
16.739   1.68241      
16.751   0.05960      
16.764   358.73518    
16.776   359.25620    
16.788   359.38924    
16.801   358.23073    
16.813   359.22792    
16.825   357.84575    
16.837   356.84192    
16.850   356.12977    
16.862   358.88740    
16.874   356.56024    
16.887   356.41131    
16.899   355.90876    
16.911   356.11719    
16.924   356.11719    
16.936   355.67182    
16.949   354.54008    
16.961   355.30685    
16.973   354.93764    
16.986   353.02792    
16.998   349.25786    
17.010   351.39301    
17.023   351.92720    
17.035   351.73703    
17.047   349.87666    
17.060   350.83241    
17.072   350.47692    
17.084   349.24880    
17.096   351.63191    
17.109   351.11009    
17.121   347.98657    
17.134   349.60283    
17.146   350.70087    
17.158   348.75332    
17.171   347.77134    
17.183   349.27330    
17.196   348.44312    
17.208   345.77224    
17.221   347.48167    
17.233   347.82150    
17.245   347.86216    
17.258   347.08960    
17.270   347.05904    
17.283   347.52808    
17.295   348.22581    
17.307   346.90185    
17.320   348.29889    
17.332   347.53060    
17.345   345.37991    
17.357   347.67481    
17.370   347.90524    
17.383   346.69525    
17.395   346.93068    
17.408   347.56465    
17.420   345.37068    
17.433   345.36119    
17.445   346.33808    
17.458   346.91271    
17.470   346.14457    
17.482   347.36785    
17.495   347.44944    
17.507   345.91945    
17.519   346.55063    
17.532   346.99294    
17.544   346.79427    
17.557   346.44219    
17.569   347.67330    
17.581   347.08136    
17.594   346.32918    
17.607   346.36383    
17.619   348.49281    
17.632   348.79305    
17.645   347.56410    
17.657   347.82546    
17.670   349.13427    
17.682   347.50408    
17.694   347.65215    
17.707   349.34450    
17.719   348.02444    
17.731   347.46920    
17.743   349.76011    
17.755   349.69007    
17.767   348.58520    
17.779   350.55656    
17.791   349.81758    
17.804   350.00866    
17.816   349.04886    
17.828   351.88838    
17.840   349.58206    
17.852   349.70356    
17.864   351.71221    
17.876   351.65736    
17.888   351.71047    
17.901   351.02246    
17.914   352.16231    
17.926   353.33310    
17.938   352.04148    
17.951   352.28773    
17.963   353.03298    
17.975   352.69378    
17.987   352.35411    
17.999   354.33285    
18.011   354.37905    
18.024   352.63387    
18.036   354.74208    
18.048   354.55018    
18.060   354.11114    
18.072   354.34870    
18.084   356.30684    
18.096   355.12965    
18.108   355.12965    
18.120   355.67225    
18.133   357.65219    
18.145   356.75016    
18.157   356.44244    
18.169   356.87890    
18.181   357.61406    
18.193   356.26781    
18.206   358.17907    
18.218   358.87032    
18.230   358.58342    
18.242   358.25908    
18.254   358.95179    
18.267   359.09093    
18.279   358.92093    
18.291   0.96270      
18.303   359.13775    
18.316   359.69674    
18.328   0.81198      
18.340   0.81198      
18.353   1.22925      
18.365   0.60825      
18.377   1.59648      
18.390   1.81618      
18.402   1.04961      
18.414   2.45519      
18.427   3.84215      
18.439   4.81866      
18.452   5.43374      
18.464   4.82677      
18.477   5.23817      
18.489   7.15511      
18.501   4.44606      
18.514   4.83471      
18.526   6.18595      
18.539   6.20603      
18.551   6.49304      
18.564   7.05088      
18.576   7.03189      
18.591   7.27199      
18.603   7.60667      
18.615   8.03778      
18.628   7.88103      
18.640   8.18422      
18.652   9.23242      
18.664   8.96146      
18.676   9.60365      
18.689   9.45572      
18.701   9.45572      
18.713   9.53957      
18.726   10.85177     
18.738   10.21229     
18.750   10.77772     
18.763   10.20876     
18.775   10.20643     
18.787   10.77213     
18.799   10.61720     
18.812   10.08829     
18.824   10.40647     
18.836   13.03887     
18.849   9.75058      
18.861   10.42565     
18.873   11.72769     
18.885   10.33259     
18.899   9.82006      
18.911   11.25873     
18.924   10.61706     
18.936   9.59057      
18.949   10.81145     
18.962   11.11095     
18.975   10.46338     
18.988   10.37728     
19.000   11.23498     
19.013   10.28451     
19.026   8.89430      
19.039   10.50834     
19.052   8.98640      
19.064   9.33472      
19.077   9.97623      
19.090   10.57586     
19.102   7.45864      
19.115   8.50123      
19.127   10.18853     
19.139   8.02144      
19.152   7.76336      
19.164   8.28715      
19.176   9.01655      
19.188   8.28874      
19.201   6.55858      
19.213   8.56500      
19.225   8.07082      
19.238   5.41498      
19.250   7.79101      
19.262   6.82125      
19.275   5.90406      
19.287   5.43374      
19.299   5.84749      
19.312   5.33760      
19.324   3.99138      
19.336   5.14666      
19.348   5.81045      
19.361   3.10556      
19.373   3.60938      
19.386   3.74500      
19.398   2.39617      
19.410   2.34098      
19.422   2.42092      
19.434   2.40414      
19.447   0.21763      
19.459   0.36877      
19.471   0.52689      
19.483   359.78207    
19.495   357.96466    
19.508   359.30276    
19.520   358.67193    
19.532   357.27274    
19.544   357.15171    
19.556   357.81855    
19.568   355.15433    
19.580   355.76288    
19.593   356.43855    
19.605   355.41553    
19.617   355.63367    
19.629   356.73123    
19.641   355.57213    
19.653   355.40538    
19.666   354.19094    
19.678   355.40391    
19.690   356.45086    
19.703   354.20172    
19.715   354.23313    
19.727   356.62093    
19.740   353.73373    
19.752   353.91857    
19.764   353.73198    
19.777   354.22075    
19.789   355.53284    
19.801   355.07540    
19.814   355.17255    
19.826   357.66230    
19.839   358.03858    
19.851   356.02540    
19.863   359.21069    
19.876   0.55274      
19.888   359.08908    
19.901   0.62855      
19.914   4.39429      
19.927   2.64168      
19.939   4.49694      
19.952   6.78806      
19.964   7.25494      
19.977   7.26442      
19.989   10.43546     
20.002   11.69395     
20.014   12.16798     
20.027   12.71245     
20.039   14.12432     
20.052   16.06593     
20.064   15.46822     
20.077   18.97977     
20.089   21.62639     
20.101   22.30478     
20.113   23.54318     
20.126   25.80633     
20.138   26.26595     
20.150   29.43063     
20.162   30.81124     
20.175   32.67634     
20.187   34.35497     
20.200   35.96019     
20.212   39.36490     
20.224   41.28434     
20.237   41.22381     
20.249   54.79391     
20.262   53.48448     
20.274   55.67061     
20.287   56.71712     
20.299   57.54250     
20.312   57.75779     
20.324   61.08033     
20.337   62.07060     
20.349   62.07060     
20.362   65.51768     
20.374   64.29719     
20.387   67.64382     
20.399   68.28688     
20.412   71.29873     
20.424   69.82862     
20.436   72.33738     
20.449   74.79491     
20.461   74.54314     
20.474   76.77242     
20.486   80.03176     
20.499   79.78237     
20.511   82.45817     
20.523   82.92262     
20.536   83.38391     
20.548   84.46376     
20.561   84.65048     
20.573   86.21375     
20.586   87.85976     
20.598   89.25846     
20.610   89.12211     
20.622   90.42038     
20.635   92.28163     
20.647   90.34735     
20.659   92.04352     
20.671   91.96967     
20.683   91.56238     
20.696   90.86101     
20.708   92.63164     
20.720   93.50248     
20.732   93.93688     
20.744   94.94114     
20.756   95.85690     
20.768   95.41775     
20.781   97.02392     
20.793   98.28397     
20.805   96.41084     
20.817   96.33825     
20.829   98.16233     
20.841   97.97207     
20.853   98.36128     
20.866   100.15957    
20.878   99.62800     
20.890   99.62800     
20.903   99.73854     
20.915   102.75221    
20.928   101.71564    
20.940   101.54023    
20.953   102.70294    
20.965   101.81542    
20.978   102.88462    
20.990   102.03758    
21.003   103.24052    
21.015   101.78316    
21.027   102.41313    
21.040   102.33106    
21.052   104.19522    
21.064   101.91801    
21.077   102.58016    
21.089   102.02060    
21.102   102.30920    
21.114   101.54195    
21.126   103.69357    
21.139   102.93392    
21.151   104.98362    
21.163   103.07136    
21.176   104.48166    
21.188   104.67826    
21.201   105.62383    
21.214   105.95443    
21.226   106.62545    
21.239   107.50896    
21.251   108.87239    
21.264   108.87239    
21.276   109.50922    
21.288   110.67090    
21.301   113.38927    
21.313   113.39010    
21.326   114.59588    
21.338   115.85293    
21.351   116.44103    
21.363   117.72216    
21.375   119.02414    
21.388   120.67752    
21.400   121.15233    
21.413   121.47177    
21.425   123.62708    
21.438   124.86394    
21.450   124.86946    
21.462   126.14277    
21.475   125.44571    
21.487   126.81006    
21.500   127.97468    
21.512   129.12872    
21.525   129.17824    
21.537   129.31067    
21.550   131.11516    
21.562   131.50972    
21.574   133.31240    
21.587   133.57503    
21.599   135.07658    
21.612   134.67905    
21.624   135.27960    
21.637   135.83064    
21.649   135.79062    
21.661   135.32257    
21.674   137.43220    
21.686   138.27591    
21.699   139.23038    
21.712   139.12357    
21.724   139.72324    
21.737   139.72324    
21.749   141.08838    
21.762   141.32772    
21.774   141.58935    
21.787   141.61167    
21.800   142.43238    
21.812   142.49912    
21.824   143.23029    
21.837   141.93815    
21.849   143.67916    
21.861   143.28214    
21.873   143.68897    
21.886   143.43582    
21.898   143.62972    
21.910   143.10543    
21.922   144.07938    
21.935   144.20358    
21.947   143.98769    
21.959   143.98769    
21.971   143.95285    
21.984   144.39785    
21.996   144.43184    
22.008   143.40199    
22.020   145.27421    
22.033   144.71383    
22.045   144.66754    
22.057   145.24744    
22.070   144.72665    
22.082   144.32004    
22.094   144.70252    
22.107   144.71735    
22.119   144.13426    
22.131   144.95725    
22.143   145.74175    
22.155   145.30583    
22.167   144.29491    
22.180   145.77863    
22.192   145.01055    
22.204   144.98519    
22.216   144.98519    
22.229   144.75934    
22.242   144.39723    
22.255   144.91222    
22.267   144.64376    
22.280   145.40817    
22.293   145.49638    
22.306   145.24278    
22.318   146.50597    
22.331   144.80409    
22.343   145.09004    
22.356   145.74061    
22.368   146.68602    
22.381   145.36780    
22.393   145.63645    
22.406   144.70161    
22.418   143.87428    
22.430   143.52355    
22.443   144.42653    
22.455   144.29014    
22.469   143.24176    
22.481   144.95196    
22.494   143.97603    
22.506   142.33503    
22.519   143.14901    
22.531   144.19352    
22.544   142.65854    
22.556   142.41894    
22.569   142.96852    
22.581   142.25910    
22.594   141.29914    
22.606   141.81932    
22.618   142.68007    
22.631   141.18915    
22.643   142.83309    
22.656   142.40002    
22.668   141.56559    
22.681   141.47694    
22.694   140.13214    
22.707   141.46615    
22.720   141.21958    
22.732   141.90089    
22.745   140.97288    
22.757   140.40394    
22.770   140.48875    
22.782   140.38469    
22.795   140.57946    
22.808   139.83276    
22.820   139.93648    
22.833   140.10117    
22.845   140.50851    
22.858   139.09899    
22.870   138.69956    
22.883   138.39371    
22.895   137.49344    
22.909   139.01123    
22.921   138.73305    
22.933   136.41953    
22.945   137.21252    
22.958   137.14882    
22.970   135.58814    
22.983   134.94326    
22.997   136.90211    
23.009   135.01109    
23.022   134.96653    
23.035   135.27658    
23.047   135.07783    
23.060   134.72979    
23.072   134.31209    
23.085   132.81334    
23.097   133.13438    
23.110   133.42203    
23.122   132.54484    
23.135   133.43648    
23.147   131.00702    
23.160   131.45423    
23.172   130.67399    
23.184   131.05906    
23.197   132.12395    
23.209   131.49419    
23.221   130.50703    
23.234   130.97572    
23.246   129.82732    
23.258   129.14999    
23.271   128.51215    
23.283   128.58605    
23.295   128.85163    
23.308   128.05028    
23.320   127.44035    
23.332   128.08361    
23.345   126.47429    
23.357   127.87083    
23.369   125.62120    
23.382   126.59011    
23.394   125.18178    
23.407   125.32373    
23.419   126.13455    
23.431   124.98027    
23.443   124.66249    
23.456   123.15197    
23.468   123.72547    
23.480   121.60112    
23.493   122.53531    
23.505   121.98602    
23.517   121.53447    
23.530   121.19794    
23.542   122.01390    
23.554   120.43869    
23.567   120.71062    
23.579   120.61889    
23.591   119.87569    
23.604   118.58650    
23.616   119.19959    
23.629   117.97625    
23.641   118.41100    
23.654   117.90981    
23.666   116.16767    
23.679   116.57245    
23.692   115.45057    
23.705   114.06740    
23.717   115.14448    
23.729   114.31334    
23.742   113.10552    
23.754   114.36188    
23.766   112.38652    
23.779   110.97797    
23.791   111.17876    
23.803   110.07745    
23.816   110.12394    
23.828   110.86206    
23.840   110.08930    
23.853   109.42113    
23.865   109.54656    
23.877   108.73464    
23.889   107.99393    
23.902   107.88517    
23.914   105.62692    
23.927   106.50680    
23.939   108.20606    
23.951   106.50436    
23.964   104.97811    
23.976   104.42995    
23.988   104.21108    
24.001   104.43294    
24.013   103.72048    
24.025   103.35870    
24.037   102.94612    
24.050   102.31298    
24.062   100.88620    
24.074   100.04623    
24.087   100.39443    
24.099   101.21258    
24.111   100.30805    
24.124   97.85210     
24.136   97.53439     
24.148   97.50581     
24.161   95.48010     
24.173   95.25505     
24.185   95.40552     
24.198   94.93124     
24.211   94.96507     
24.224   93.36098     
24.236   91.69187     
24.249   93.01378     
24.261   92.22468     
24.274   90.11231     
24.286   90.41018     
24.299   90.63847     
24.312   87.90725     
24.324   88.58652     
24.337   86.88494     
24.350   86.16489     
24.362   85.49044     
24.375   85.09505     
24.387   84.29124     
24.400   85.73525     
24.413   83.19606     
24.425   82.83512     
24.437   83.60247     
24.449   81.67621     
24.462   81.23929     
24.474   80.04004     
24.486   79.90223     
24.498   80.08947     
24.510   79.88004     
24.522   79.33555     
24.534   79.33555     
24.546   76.60482     
24.558   77.84448     
24.570   75.60284     
24.582   76.53999     
24.594   75.82594     
24.607   73.84816     
24.619   75.32684     
24.631   74.30135     
24.643   74.94974     
24.655   71.30851     
24.668   69.61051     
24.680   69.98284     
24.693   70.34482     
24.705   69.00472     
24.717   67.74843     
24.730   67.52575     
24.742   68.36078     
24.754   66.06210     
24.767   66.93682     
24.779   66.93682     
24.791   63.99041     
24.804   63.73670     
24.816   65.38347     
24.829   63.14511     
24.841   62.18354     
24.854   60.60593     
24.866   59.56599     
24.878   59.04709     
24.890   58.83987     
24.903   58.47360     
24.915   58.00126     
24.927   57.34954     
24.940   55.98192     
24.952   56.97345     
24.964   56.76646     
24.977   55.43785     
24.989   53.37844     
25.001   54.44490     
25.014   53.11741     
25.026   52.31404     
25.038   51.82718     
25.051   50.97519     
25.063   51.52533     
25.075   50.52950     
25.088   50.42947     
25.100   48.37001     
25.112   47.69516     
25.125   48.73566     
25.137   46.76444     
25.149   46.16553     
25.162   46.10539     
25.174   43.85572     
25.186   44.11814     
25.199   44.77100     
25.211   42.12773     
25.223   41.87842     
25.236   43.09035     
25.248   40.97260     
25.260   42.10558     
25.273   42.23740     
25.285   39.19662     
25.297   40.06233     
25.310   39.73821     
25.322   36.50006     
25.334   36.48293     
25.347   35.49411     
25.359   35.61715     
25.371   35.61715     
25.384   34.47809     
25.396   34.35038     
25.408   33.99007     
25.421   32.69558     
25.433   30.74925     
25.445   30.94452     
25.458   31.11276     
25.470   30.63859     
25.482   29.32697     
25.495   27.87159     
25.507   27.44507     
25.519   26.83518     
25.532   27.00834     
25.544   24.43116     
25.557   24.96698     
25.569   23.89232     
25.582   23.87030     
25.594   23.54107     
25.606   22.12700     
25.618   20.50125     
25.631   18.74058     
25.643   20.15683     
25.656   20.42189     
25.668   17.60546     
25.681   17.39103     
25.693   16.56580     
25.705   17.58468     
25.718   18.29933     
25.730   15.97845     
25.742   15.79976     
25.755   14.64017     
25.767   12.85339     
25.780   13.84531     
25.792   13.94074     
25.805   12.87935     
25.818   12.24552     
25.831   12.26570     
25.843   10.09781     
25.856   9.02102      
25.869   10.92546     
25.881   8.63419      
25.894   6.53571      
25.906   6.94497      
25.919   6.58692      
25.932   5.27840      
25.944   4.01831      
25.957   1.36793      
25.969   0.65106      
25.982   1.30780      
25.995   359.73033    
26.007   358.88739    
26.020   358.83216    
26.032   358.02581    
26.045   356.58189    
26.058   354.17159    
26.070   355.43547    
26.083   352.95536    
26.095   352.82787    
26.108   353.25095    
26.120   351.35959    
26.133   350.04177    
26.146   349.20257    
26.158   351.01975    
26.171   347.89348    
26.183   347.77008    
26.196   347.78788    
26.208   347.07567    
26.221   346.89755    
26.234   345.21443    
26.246   339.83048    
26.259   341.57107    
26.272   342.03037    
26.284   341.25427    
26.297   340.86811    
26.310   341.48607    
26.322   340.90080    
26.335   337.26276    
26.348   338.43171    
26.360   338.17988    
26.373   336.48236    
26.386   337.64867    
26.398   337.76081    
26.411   334.79172    
26.423   335.12040    
26.436   335.60334    
26.448   333.48568    
26.461   331.71583    
26.473   331.93325    
26.486   331.87048    
26.498   332.18583    
26.510   331.34869    
26.523   332.16320    
26.536   330.14522    
26.548   329.74619    
26.561   330.92862    
26.573   329.38106    
26.585   328.49423    
26.598   328.25506    
26.610   329.09107    
26.622   327.71047    
26.635   328.41793    
26.647   329.91168    
26.659   329.91168    
26.672   329.65406    
26.684   327.76849    
26.697   328.66490    
26.709   328.95306    
26.722   327.54174    
26.734   328.41844    
26.747   329.45378    
26.759   329.56823    
26.772   327.93679    
26.784   330.26674    
26.796   329.58593    
26.809   328.88156    
26.821   330.03006    
26.834   329.49215    
26.846   328.47582    
26.859   329.28509    
26.871   329.90215    
26.883   327.56916    
26.896   328.08733    
26.908   330.14464    
26.920   328.96818    
26.933   329.61698    
26.945   329.91197    
26.958   328.66916    
26.970   328.84916    
26.983   328.50972    
26.995   329.31642    
27.008   329.25302    
27.020   329.25302    
27.033   327.74666    
27.045   329.13597    
27.058   328.43545    
27.070   327.59459    
27.082   328.20506    
27.095   329.38507    
27.107   329.66177    
27.119   329.12172    
27.132   330.46763    
27.146   328.70156    
27.158   329.59535    
27.170   330.78562    
27.183   330.66270    
27.195   330.79360    
27.208   331.65023    
27.220   332.15210    
27.233   331.73087    
27.245   332.77250    
27.257   331.60083    
27.270   332.71740    
27.282   333.23294    
27.295   333.10452    
27.307   333.00706    
27.320   332.61196    
27.332   334.46487    
27.344   334.46531    
27.357   335.08912    
27.369   334.69894    
27.382   334.56337    
27.394   335.40847    
27.407   336.65760    
27.419   335.64718    
27.431   337.21213    
27.444   335.16386    
27.457   335.87577    
27.469   337.01400    
27.482   336.72767    
27.495   336.36608    
27.507   337.49193    
27.520   336.89617    
27.532   336.28657    
27.545   338.48587    
27.557   339.26351    
27.570   337.72725    
27.582   338.26658    
27.594   340.32497    
27.607   338.96648    
27.620   338.98327    
27.632   340.98633    
27.644   341.34093    
27.657   339.90005    
27.669   341.25075    
27.682   342.36638    
27.694   341.99942    
27.707   343.11451    
27.719   344.69443    
27.732   343.96006    
27.744   341.88107    
27.757   343.51633    
27.769   345.35762    
27.782   343.05702    
27.794   346.31740    
27.807   344.84355    
27.820   344.24931    
27.832   345.32099    
27.844   346.49909    
27.857   346.29167    
27.870   345.72880    
27.882   344.93297    
27.894   346.74001    
27.906   347.14551    
27.919   346.45229    
27.931   348.22206    
27.944   348.50962    
27.956   347.36014    
27.968   351.48250    
27.981   350.48033    
27.993   350.00213    
28.006   351.66256    
28.018   352.09710    
28.031   350.86914    
28.043   352.44248    
28.056   354.47051    
28.068   353.34109    
28.080   353.28899    
28.093   354.94711    
28.105   355.73423    
28.118   354.53389    
28.130   356.85054    
28.143   357.54061    
28.155   355.42842    
28.167   358.83747    
28.180   359.34533    
28.192   357.74370    
28.205   357.74370    
28.217   358.81902    
28.230   359.86414    
28.242   0.34663      
28.255   358.26861    
28.267   2.41418      
28.279   1.09535      
28.292   2.85642      
28.304   3.13056      
28.317   4.22794      
28.329   1.88352      
28.342   5.71481      
28.354   4.32664      
28.367   3.97706      
28.379   5.58368      
28.392   5.70223      
28.404   5.08007      
28.417   4.78081      
28.429   8.17045      
28.441   7.18873      
28.454   6.61075      
28.467   8.34527      
28.479   12.39221     
28.492   15.44973     
28.504   11.60707     
28.517   12.70668     
28.529   14.09942     
28.542   14.18016     
28.554   13.02867     
28.568   15.24162     
28.580   14.99065     
28.593   15.15319     
28.605   15.92999     
28.617   17.75997     
28.630   17.75997     
28.642   16.88243     
28.654   15.69405     
28.667   18.23517     
28.679   17.69911     
28.691   16.59571     
28.704   21.31841     
28.716   19.09506     
28.728   18.59181     
28.741   19.06844     
28.753   19.76779     
28.766   20.64370     
28.778   19.16921     
28.790   22.96204     
28.803   21.91181     
28.815   22.00091     
28.827   20.59396     
28.840   22.24902     
28.852   21.45503     
28.864   19.89398     
28.877   21.56503     
28.889   20.49946     
28.901   19.19657     
28.914   20.38323     
28.926   21.20061     
28.938   20.63456     
28.950   19.06791     
28.963   19.60497     
28.975   20.46133     
28.987   21.37531     
28.999   17.68157     
29.011   20.09052     
29.024   20.49151     
29.037   18.96382     
29.049   20.32542     
29.062   20.09879     
29.074   18.67215     
29.087   18.93141     
29.100   19.58987     
29.113   19.26260     
29.127   17.91917     
29.140   18.73758     
29.153   20.21691     
29.166   16.92479     
29.179   19.35383     
29.192   20.02628     
29.205   16.11938     
29.218   17.19651     
29.231   17.25383     
29.244   15.44909     
29.256   14.92997     
29.269   15.81156     
29.282   16.97164     
29.294   12.82561     
29.307   13.78437     
29.320   13.62005     
29.332   12.02879     
29.345   12.43138     
29.358   12.73556     
29.370   11.54926     
29.383   9.95415      
29.395   11.05079     
29.408   10.18158     
29.421   10.06428     
29.434   9.23959      
29.446   9.18507      
29.459   8.46297      
29.472   8.44520      
29.485   6.97629      
29.498   5.03480      
29.510   5.85881      
29.523   7.64599      
29.536   3.83258      
29.549   6.26611      
29.561   6.29550      
29.574   3.16290      
29.587   3.87596      
29.600   4.37345      
29.612   2.99530      
29.625   3.06572      
29.638   2.71268      
29.651   1.80212      
29.663   0.82740      
29.676   1.01416      
29.689   0.23837      
29.702   358.09920    
29.714   358.26235    
29.727   357.64234    
29.740   357.37614    
29.753   356.52468    
29.765   358.89348    
29.778   356.15379    
29.790   356.35997    
29.803   356.07160    
29.816   354.79995    
29.828   353.65753    
29.841   355.09561    
29.853   355.02754    
29.866   354.06977    
29.878   352.25946    
29.891   353.32146    
29.903   352.68555    
29.915   351.49371    
29.928   352.10439    
29.941   352.22754    
29.953   349.92885    
29.966   350.08191    
29.978   351.43226    
29.991   348.82849    
30.003   346.99177    
30.016   348.05074    
30.028   345.62392    
30.041   346.71970    
30.053   347.36597    
30.065   345.06982    
30.078   344.52165    
30.090   346.01337    
30.103   344.61543    
30.115   343.71614    
30.127   344.13036    
30.140   342.65060    
30.152   343.15770    
30.165   343.15670    
30.177   342.07768    
30.190   341.80310    
30.202   340.90927    
30.215   341.59525    
30.228   341.84065    
30.240   339.64903    
30.253   341.63068    
30.265   341.66629    
30.278   341.19973    
30.290   339.51205    
30.303   340.65796    
30.315   341.58350    
30.328   339.74182    
30.340   339.78543    
30.352   341.76264    
30.365   339.93397    
30.377   339.14640    
30.390   341.18191    
30.402   340.63166    
30.415   340.10680    
30.428   340.80082    
30.440   341.50950    
30.453   341.87189    
30.465   341.99942    
30.477   342.41855    
30.490   341.43660    
30.503   341.68102    
30.515   343.05774    
30.528   342.59377    
30.540   339.41693    
30.552   342.24236    
30.565   342.40075    
30.577   340.43519    
30.590   343.03976    
30.602   342.25160    
30.616   342.05392    
30.628   342.34650    
30.641   343.18906    
30.653   343.04513    
30.665   341.37604    
30.678   342.59038    
30.691   343.13882    
30.703   342.93586    
30.715   342.49296    
30.728   343.51628    
30.740   343.28185    
30.753   342.85445    
30.765   343.72146    
30.778   344.72595    
30.790   343.42509    
30.802   344.82800    
30.815   345.95445    
30.827   345.51958    
30.840   345.22978    
30.852   346.44725    
30.865   346.73336    
30.877   346.15193    
30.890   346.44163    
30.902   348.38061    
30.914   347.40898    
30.927   347.65178    
30.939   349.65674    
30.952   349.06930    
30.964   348.21098    
30.976   350.88337    
30.988   349.02776    
31.001   349.12918    
31.013   352.27108    
31.025   352.27108    
31.037   351.27289    
31.049   350.44629    
31.061   351.17692    
31.074   353.66654    
31.086   353.36984    
31.098   352.42239    
31.110   355.47175    
31.122   354.35538    
31.135   354.00252    
31.147   356.25262    
31.160   356.19003    
31.172   356.42864    
31.184   355.51578    
31.197   357.60747    
31.210   356.76292    
31.222   358.75994    
31.234   359.25200    
31.247   358.26368    
31.259   359.93817    
31.272   0.68652      
31.284   0.06170      
31.297   359.69802    
31.310   1.73128      
31.322   1.75509      
31.335   2.00327      
31.347   2.00327      
31.359   3.29948      
31.372   5.04610      
31.384   3.74718      
31.396   4.33611      
31.409   5.90832      
31.421   4.72111      
31.435   5.41559      
31.447   7.37691      
31.460   7.65472      
31.472   6.72612      
31.485   7.78754      
31.498   8.83035      
31.510   8.67353      
31.523   12.26912     
31.536   12.56105     
31.548   13.48972     
31.561   15.01361     
31.573   13.60403     
31.586   14.88380     
31.599   14.91915     
31.611   14.43271     
31.624   16.11765     
31.637   16.14006     
31.649   15.03121     
31.662   15.66766     
31.675   15.90041     
31.687   16.87842     
31.700   16.88532     
31.713   16.08445     
31.725   20.36007     
31.738   20.24006     
31.750   17.88218     
31.763   19.93465     
31.776   21.71662     
31.789   18.39986     
31.802   21.07066     
31.818   22.38366     
31.830   20.88358     
31.843   22.26047     
31.855   21.88562     
31.868   21.45520     
31.880   20.11818     
31.892   22.76501     
31.905   22.89885     
31.917   21.16326     
31.929   21.94654     
31.942   23.46560     
31.954   19.59122     
31.966   20.57726     
31.979   22.50294     
31.991   21.85389     
32.003   22.80551     
32.015   22.00091     
32.027   21.58238     
32.040   22.71297     
32.052   21.08924     
32.064   21.83181     
32.076   22.02329     
32.089   22.56017     
32.101   19.73641     
32.113   21.42503     
32.125   20.83761     
32.138   19.62890     
32.150   21.41510     
32.162   20.96513     
32.175   19.71861     
32.187   18.54125     
32.199   19.61725     
32.212   19.02336     
32.224   19.12454     
32.236   18.95445     
32.249   18.65216     
32.261   18.34377     
32.273   16.72078     
32.285   17.95847     
32.297   17.65579     
32.309   16.39082     
32.322   17.70632     
32.334   17.85495     
32.346   16.43561     
32.358   14.62181     
32.370   15.57717     
32.382   14.50017     
32.394   14.58383     
32.406   14.66305     
32.419   14.42138     
32.431   13.60765     
32.443   13.81116     
32.455   13.40206     
32.467   13.40206     
32.480   12.71335     
32.492   11.91381     
32.504   12.47872     
32.516   11.33251     
32.528   11.03601     
32.541   10.75234     
32.553   8.78490      
32.565   9.02247      
32.577   11.38372     
32.589   9.18692      
32.602   7.05890      
32.614   8.68025      
32.626   8.96687      
32.638   6.52422      
32.650   6.15038      
32.662   6.84541      
32.675   7.06398      
32.687   5.03369      
32.699   5.80491      
32.711   4.87980      
32.723   6.73723      
32.736   3.47933      
32.748   4.60926      
32.760   4.63487      
32.772   1.96971      
32.785   3.36519      
32.797   2.77594      
32.810   0.57550      
32.822   1.41637      
32.834   0.48698      
32.847   359.45662    
32.859   357.96833    
32.871   358.62464    
32.884   359.85157    
32.896   356.81296    
32.908   358.29115    
32.920   356.82974    
32.933   356.16407    
32.945   355.68685    
32.957   356.56025    
32.970   356.54176    
32.982   354.51658    
32.996   353.67139    
33.009   355.14690    
33.021   353.23346    
33.034   352.30566    
33.046   352.31177    
33.058   347.84412    
33.071   351.28228    
33.083   350.72115    
33.095   349.82190    
33.108   350.99489    
33.120   349.63902    
33.132   347.45097    
33.145   348.85058    
33.157   348.73281    
33.169   347.86670    
33.182   348.28242    
33.194   348.24667    
33.206   347.07948    
33.219   344.97642    
33.231   347.49027    
33.244   345.85469    
33.256   344.16415    
33.268   344.72919    
33.280   344.25507    
33.293   343.88189    
33.305   342.51024    
33.317   342.51024    
33.330   343.98176    
33.342   342.08768    
33.355   342.68811    
33.367   342.19399    
33.379   343.21344    
33.392   341.10753    
33.404   341.60831    
33.416   342.49296    
33.428   340.99481    
33.441   339.80053    
33.453   341.32917    
33.465   341.36328    
33.478   340.14980    
33.490   340.71176    
33.502   341.87848    
33.515   340.51983    
33.527   339.79308    
33.539   341.46442    
33.552   341.69370    
33.564   340.39868    
33.576   341.24384    
33.589   343.40224    
33.601   342.06998    
33.613   341.77625    
33.626   340.71930    
33.638   342.22432    
33.650   342.63445    
33.663   341.68996    
33.675   343.70332    
33.687   342.95921    
33.700   342.32779    
33.712   343.71406    
33.724   344.26053    
33.736   342.49801    
33.749   343.62008    
33.761   345.81044    
33.773   343.44964    
33.785   343.40118    
33.798   345.25337    
33.810   344.08402    
33.822   343.98598    
33.834   346.06615    
33.847   345.61620    
33.859   344.92097    
33.871   344.92097    
33.883   344.89382    
33.895   345.88460    
33.907   343.93192    
33.920   345.39501    
33.932   347.84784    
33.944   345.58623    
33.956   346.24812    
33.969   348.79369    
33.981   348.31260    
33.994   348.19618    
34.007   348.36854    
34.019   349.77198    
34.032   349.18328    
34.044   349.19143    
34.057   351.63749    
34.069   350.48589    
34.082   350.21692    
34.094   352.24393    
34.107   351.88395    
34.119   351.13771    
34.132   353.39992    
34.144   353.38278    
34.157   351.62946    
34.170   353.61101    
34.182   354.98015    
34.195   353.52245    
34.207   353.51418    
34.219   355.43174    
34.232   355.83631    
34.245   354.94797    
34.258   355.11160    
34.271   358.74772    
34.284   358.23167    
34.297   0.63659      
34.310   0.06223      
34.323   358.85424    
34.336   0.85791      
34.349   1.55319      
34.362   0.92737      
34.375   0.95960      
34.387   4.32524      
34.400   2.50846      
34.413   2.42038      
34.426   4.66124      
34.439   3.44206      
34.452   3.85751      
34.465   8.21734      
34.478   7.01549      
34.491   9.41859      
34.504   9.00537      
34.517   8.10179      
34.530   10.01945     
34.542   10.49996     
34.555   8.94860      
34.568   10.82876     
34.581   12.60977     
34.594   10.48272     
34.607   11.95106     
34.619   12.71287     
34.632   12.38129     
34.645   12.36684     
34.657   16.51659     
34.670   14.16899     
34.682   13.75439     
34.695   13.01255     
34.708   14.99023     
34.720   15.27638     
34.733   13.86627     
34.745   15.85542     
34.758   17.29045     
34.771   14.91318     
34.783   16.08917     
34.796   16.81589     
34.809   18.31901     
34.822   16.46986     
34.835   18.41291     
34.848   17.23236     
34.860   16.22059     
34.873   16.23697     
34.886   18.08387     
34.899   18.14324     
34.912   17.30918     
34.925   17.69818     
34.938   20.01860     
34.951   16.78837     
34.964   16.67289     
34.977   18.91338     
34.990   16.79797     
35.003   16.57043     
35.016   18.02981     
35.029   17.55898     
35.042   15.85542     
35.055   17.08782     
35.068   18.73832     
35.081   16.22804     
35.094   15.79565     
35.107   17.12327     
35.120   16.84993     
35.133   14.98634     
35.145   16.76439     
35.158   16.81373     
35.170   14.93283     
35.183   16.19860     
35.196   15.43618     
35.208   15.49549     
35.221   15.77110     
35.233   16.24605     
35.245   14.50771     
35.258   13.37098     
35.270   16.11485     
35.282   14.03624     
35.295   12.71523     
35.307   13.31988     
35.319   14.28304     
35.332   10.63579     
35.344   12.30037     
35.357   12.41965     
35.369   11.29665     
35.381   9.71461      
35.394   11.12459     
35.406   9.38966      
35.418   8.76184      
35.431   9.35220      
35.443   9.16441      
35.456   7.09783      
35.468   9.24798      
35.481   7.69181      
35.493   6.15094      
35.506   5.52404      
35.518   6.43747      
35.530   6.54877      
35.543   4.00332      
35.555   4.81424      
35.567   3.47285      
35.580   3.27227      
35.592   2.90161      
35.604   3.90454      
35.617   2.24123      
35.629   1.67955      
35.642   1.35472      
35.654   1.36393      
35.666   1.74171      
35.679   0.32678      
35.691   1.77726      
35.703   0.20065      
35.716   357.95459    
35.728   0.29464      
35.740   358.93182    
35.754   357.65524    
35.766   0.02177      
35.778   358.33061    
35.790   356.33997    
35.802   356.42630    
35.814   355.71192    
35.826   357.02546    
35.839   354.68397    
35.851   355.32177    
35.863   355.27503    
35.875   353.70725    
35.887   353.84853    
35.899   353.71848    
35.911   352.22934    
35.924   352.00657    
35.936   350.71371    
35.948   351.31973    
35.962   351.24286    
35.974   351.52105    
35.987   351.08795    
35.999   347.16990    
36.012   349.71501    
36.024   346.66015    
36.037   346.78079    
36.050   349.05676    
36.063   346.88183    
36.075   344.45003    
36.090   347.97625    
36.102   347.62894    
36.115   345.96376    
36.128   346.08946    
36.140   345.84642    
36.153   344.48028    
36.166   344.86142    
36.179   346.04228    
36.192   344.23081    
36.205   343.58922    
36.217   343.71174    
36.230   344.37248    
36.243   342.57104    
36.256   344.65693    
36.268   343.84567    
36.281   342.66712    
36.293   342.26503    
36.306   344.18750    
36.318   342.84602    
36.331   341.84822    
36.343   342.15546    
36.356   341.80988    
36.368   342.68327    
36.380   340.27099    
36.394   342.61618    
36.407   342.57361    
36.419   342.01243    
36.432   341.38606    
36.444   342.64123    
36.457   342.13950    
36.469   340.74722    
36.481   343.48257    
36.493   342.30159    
36.506   341.63165    
36.519   342.52985    
36.531   343.72307    
36.543   342.61872    
36.556   341.99304    
36.568   343.76060    
36.580   343.51404    
36.592   344.03606    
36.605   343.80426    
36.617   344.67040    
36.629   344.72893    
36.642   344.54072    
36.654   345.16220    
36.666   345.53033    
36.678   345.53033    
36.690   344.34844    
36.703   346.38848    
36.715   345.80362    
36.727   344.36156    
36.739   347.00684    
36.751   348.05137    
36.764   344.88059    
36.776   346.40254    
36.788   349.29441    
36.800   347.58873    
36.813   347.50326    
36.825   349.33390    
36.837   347.73782    
36.849   347.42217    
36.861   349.56357    
36.874   349.96292    
36.886   349.78515    
36.898   350.21165    
36.910   350.21165    
36.923   352.45035    
36.935   351.52426    
36.947   351.05933    
36.959   353.68396    
36.972   352.52616    
36.984   351.33188    
36.996   355.36062    
37.008   353.77083    
37.020   354.33379    
37.033   355.35621    
37.045   356.17095    
37.057   354.67357    
37.069   357.16334    
37.081   357.63556    
37.094   357.78491    
37.106   358.12839    
37.119   359.57901    
37.131   358.01053    
37.143   359.40017    
37.156   0.06023      
37.168   1.39275      
37.181   359.33380    
37.193   359.31298    
37.206   2.17181      
37.219   1.55828      
37.231   2.95143      
37.243   3.33324      
37.256   3.72148      
37.268   4.89120      
37.281   3.92023      
37.293   4.92131      
37.306   5.56268      
37.319   6.07823      
37.332   6.35704      
37.344   6.54393      
37.357   5.77117      
37.369   7.45450      
37.382   7.61573      
37.394   6.38932      
37.407   6.77587      
37.419   9.46938      
37.432   9.08942      
37.446   7.87167      
37.458   9.35671      
37.471   10.74852     
37.483   10.16168     
37.496   11.14289     
37.508   10.51110     
37.520   16.04110     
37.533   16.49125     
37.546   14.38418     
37.558   16.81373     
37.571   18.93518     
37.583   15.35631     
37.595   16.63649     
37.608   19.09025     
37.620   16.39583     
37.633   17.80487     
37.645   19.67857     
37.658   19.58360     
37.671   18.49735     
37.683   18.58049     
37.696   18.95060     
37.708   20.55605     
37.721   18.91571     
37.733   21.66802     
37.746   22.30781     
37.758   22.48718     
37.771   21.26443     
37.783   23.45942     
37.796   23.03048     
37.808   22.48700     
37.821   24.07506     
37.833   24.52510     
37.846   23.54641     
37.859   22.19240     
37.871   23.12567     
37.884   23.76843     
37.897   21.53111     
37.909   21.70762     
37.922   24.77357     
37.935   24.16663     
37.948   20.58677     
37.961   22.74647     
37.973   23.56981     
37.986   20.83542     
37.998   22.65365     
38.011   23.84682     
38.023   20.69591     
38.036   20.95802     
38.048   22.89874     
38.061   21.28777     
38.073   21.64544     
38.086   20.87710     
38.098   20.90728     
38.111   19.54979     
38.124   20.05916     
38.136   21.84060     
38.149   18.18018     
38.161   19.49326     
38.174   19.45359     
38.186   18.80933     
38.199   18.68237     
38.211   17.90221     
38.224   17.48485     
38.236   17.97203     
38.249   16.93592     
38.262   16.88679     
38.274   15.51472     
38.287   15.62241     
38.299   16.22607     
38.312   15.83458     
38.324   15.06849     
38.337   13.34172     
38.349   15.64851     
38.362   12.87935     
38.374   13.14133     
38.387   13.85290     
38.400   12.93146     
38.412   11.34157     
38.425   12.82210     
38.438   13.31671     
38.450   10.97633     
38.462   11.43945     
38.474   12.10112     
38.486   10.23541     
38.498   10.97085     
38.512   11.13239     
38.524   9.91338      
38.536   8.97834      
38.549   8.69995      
38.561   9.03752      
38.574   7.02505      
38.586   8.37370      
38.598   8.55232      
38.611   6.48906      
38.623   5.66244      
38.636   5.50521      
38.648   5.50521      
38.661   5.96549      
38.673   4.11696      
38.685   5.57603      
38.697   5.14768      
38.710   3.55127      
38.722   2.71084      
38.734   1.65189      
38.746   359.59137    
38.758   1.43424      
38.771   0.10571      
38.783   356.84430    
38.795   357.95766    
38.807   357.88587    
38.819   357.63929    
38.831   356.13807    
38.844   356.60334    
38.856   356.03806    
38.868   353.65293    
38.880   353.65293    
38.893   355.08129    
38.905   353.59267    
38.917   352.86412    
38.930   353.29629    
38.942   352.03632    
38.955   351.17325    
38.967   350.50243    
38.979   352.04358    
38.992   349.66224    
39.004   349.32022    
39.017   349.28863    
39.029   349.38563    
39.042   347.00701    
39.054   344.36302    
39.067   344.20209    
39.079   345.57647    
39.091   345.60657    
39.104   343.70625    
39.116   342.92852    
39.129   344.64718    
39.141   342.57659    
39.154   342.38944    
39.166   343.25606    
39.179   340.79916    
39.191   340.31982    
39.204   342.48961    
39.216   340.92368    
39.229   340.19454    
39.242   338.85854    
39.254   340.66866    
39.267   340.47794    
39.279   339.88470    
39.292   338.54089    
39.304   339.76651    
39.317   337.71949    
39.330   336.77829    
39.342   337.59073    
39.355   339.54594    
39.367   337.57106    
39.380   336.68835    
39.392   338.53009    
39.405   336.12677    
39.417   337.42026    
39.430   336.99673    
39.442   337.63524    
39.455   335.51383    
39.468   337.62942    
39.480   336.95718    
39.493   334.87516    
39.506   336.09876    
39.518   337.76557    
39.531   337.12953    
39.543   336.84828    
39.556   336.23016    
39.568   336.88712    
39.581   336.10376    
39.594   336.69266    
39.606   338.43570    
39.619   337.05027    
39.631   336.64842    
39.644   338.43332    
39.656   338.64576    
39.669   338.18807    
39.681   339.04154    
39.694   338.46950    
39.707   338.19511    
39.719   339.26987    
39.732   339.68828    
39.745   338.75733    
39.757   337.79311    
39.770   341.37644    
39.782   339.70658    
39.795   339.74226    
39.807   338.29291    
39.820   342.49864    
39.832   340.92199    
39.846   339.53527    
39.859   341.36242    
39.872   341.01928    
39.885   340.55224    
39.898   342.18515    
39.911   343.51440    
39.924   342.32125    
39.937   342.37529    
39.953   343.30453    
39.965   343.78080    
39.978   344.96854    
39.990   343.42509    
40.002   342.91944    
40.016   345.75911    
40.028   345.63960    
40.041   346.81122    
40.053   346.31286    
40.065   347.29961    
40.078   347.27380    
40.090   347.30995    
40.103   345.61129    
40.115   348.52345    
40.127   348.21027    
40.140   347.64519    
40.152   349.17180    
40.165   349.65734    
40.177   348.21511    
40.189   348.99538    
40.202   349.87251    
40.215   350.39696    
40.227   350.98773    
40.241   351.64608    
40.253   352.03893    
40.266   351.81469    
40.278   353.23417    
40.291   352.56246    
40.303   353.09060    
40.315   356.28121    
40.328   354.22775    
40.340   353.82381    
40.352   357.00753    
40.365   355.23636    
40.377   354.48780    
40.389   356.37314    
40.402   358.05342    
40.414   357.57159    
40.426   357.68770    
40.439   358.41109    
40.451   358.36283    
40.464   359.10807    
40.476   359.54591    
40.488   1.64430      
40.501   1.36879      
40.514   0.65011      
40.526   1.64311      
40.538   2.12935      
40.551   0.78921      
40.563   3.72515      
40.576   4.01311      
40.588   3.08568      
40.600   5.56967      
40.612   5.31598      
40.625   4.63267      
40.637   5.62978      
40.649   7.03718      
40.662   6.67490      
40.674   6.00568      
40.686   8.71885      
40.699   7.72714      
40.711   6.90926      
40.724   8.13306      
40.736   9.52371      
40.748   8.47438      
40.760   8.47438      
40.773   8.48196      
40.785   12.34906     
40.797   14.10408     
40.810   14.55561     
40.822   15.24527     
40.834   14.27994     
40.847   16.34670     
40.859   16.56320     
40.872   16.53833     
40.884   17.62459     
40.896   19.59556     
40.909   15.75173     
40.921   17.84193     
40.933   18.37014     
40.946   18.58522     
40.958   16.52415     
40.971   19.28791     
40.983   22.73910     
40.995   21.93205     
41.008   21.55358     
41.020   23.10660     
41.033   19.95910     
41.046   20.28907     
41.058   22.28057     
41.071   21.63301     
41.083   20.85943     
41.096   22.06068     
41.108   21.99428     
41.121   21.67058     
41.133   19.27758     
41.146   20.70406     
41.158   22.49831     
41.171   21.54314     
41.184   20.59245     
41.196   21.24152     
41.209   19.62172     
41.221   19.36399     
41.234   20.74418     
41.246   22.27516     
41.258   18.72408     
41.270   19.40040     
41.282   21.49700     
41.294   19.31274     
41.307   19.73991     
41.319   20.52905     
41.331   19.81317     
41.343   18.14611     
41.355   19.18183     
41.367   20.12107     
41.379   17.49717     
41.392   17.49717     
41.404   17.98482     
41.416   19.78443     
41.428   18.39969     
41.440   18.25283     
41.453   16.78166     
41.465   17.65780     
41.477   15.39900     
41.489   16.65192     
41.501   14.91068     
41.514   14.46821     
41.526   17.05105     
41.538   15.89429     
41.550   13.26043     
41.562   12.51224     
41.574   15.38160     
41.587   13.65467     
41.599   13.11924     
41.612   12.86488     
41.624   11.86457     
41.636   11.86457     
41.649   12.75144     
41.661   12.94626     
41.673   12.98287     
41.686   10.36160     
41.698   9.26684      
41.711   10.55265     
41.723   8.32931      
41.735   8.27467      
41.748   10.03444     
41.760   9.01692      
41.773   6.92535      
41.785   8.04338      
41.797   5.29324      
41.810   4.08247      
41.822   5.27489      
41.834   4.53611      
41.847   3.73140      
41.859   3.59024      
41.871   2.39123      
41.883   0.63562      
41.895   1.55241      
41.908   1.72688      
41.920   0.86336      
41.933   0.42063      
41.945   0.40863      
41.958   2.35842      
41.970   0.23256      
41.982   358.65806    
41.994   359.89366    
42.006   357.36542    
42.019   356.49077    
42.031   356.41321    
42.043   357.93330    
42.056   355.39821    
42.068   355.71192    
42.080   355.57720    
42.092   354.11511    
42.104   354.62702    
42.116   355.02749    
42.128   353.30817    
42.140   353.37773    
42.153   353.05774    
42.165   352.61473    
42.177   350.50337    
42.190   350.44099    
42.202   350.79289    
42.215   351.07917    
42.227   351.17247    
42.241   349.42893    
42.253   349.23565    
42.265   348.08243    
42.278   348.29111    
42.290   347.84097    
42.303   343.02993    
42.315   346.33626    
42.328   344.24264    
42.340   342.35857    
42.353   344.11138    
42.365   343.74443    
42.378   342.12068    
42.390   342.75400    
42.403   343.23167    
42.415   342.20605    
42.428   341.95604    
42.440   341.80429    
42.453   341.60794    
42.465   340.41917    
42.477   341.77759    
42.490   341.25252    
42.502   339.42591    
42.515   340.75812    
42.527   341.31265    
42.540   340.89807    
42.552   339.92986    
42.564   339.95475    
42.577   340.06563    
42.590   339.80760    
42.602   338.47149    
42.615   339.40879    
42.627   340.75077    
42.639   340.36242    
42.652   338.18063    
42.665   340.91664    
42.678   341.74339    
42.691   339.93524    
42.703   340.42889    
42.715   340.20479    
42.728   338.48024    
42.740   340.38013    
42.752   341.79911    
42.764   340.07534    
42.777   339.60418    
42.789   342.49441    
42.801   341.44915    
42.814   340.31826    
42.826   341.42428    
42.838   342.02537    
42.850   340.24708    
42.863   342.25022    
42.875   341.33950    
42.887   340.60509    
42.900   341.58292    
42.912   342.17712    
42.924   342.17712    
42.936   341.38411    
42.949   341.80993    
42.961   341.65852    
42.973   342.42814
