3.738     166.99825    
3.750     166.00045    
3.762     165.80079    
3.775     166.65409    
3.787     166.80824    
3.799     166.27221    
3.812     165.35632    
3.824     166.79647    
3.836     167.33676    
3.849     167.13076    
3.861     165.89874    
3.873     165.69647    
3.886     166.77849    
3.898     164.01249    
3.910     164.69757    
3.922     164.39651    
3.934     165.58075    
3.946     164.11629    
3.958     164.50431    
3.971     166.23813    
3.983     166.65806    
3.995     163.21434    
4.007     162.91193    
4.020     163.83475    
4.032     162.48624    
4.044     162.76610    
4.057     163.14319    
4.069     162.30277    
4.082     161.71866    
4.094     161.82672    
4.106     160.99438    
4.119     161.16408    
4.132     160.13036    
4.144     160.03017    
4.157     160.26142    
4.169     159.92910    
4.182     159.24087    
4.195     160.44753    
4.208     158.60864    
4.221     157.64971    
4.234     159.12782    
4.247     158.20799    
4.260     157.41684    
4.272     157.30421    
4.284     156.74520    
4.296     156.64807    
4.308     156.73517    
4.320     156.60131    
4.333     155.76283    
4.345     154.84164    
4.357     157.01462    
4.370     155.94046    
4.382     153.85687    
4.394     155.40076    
4.407     154.02044    
4.419     153.86464    
4.432     154.41913    
4.444     154.94423    
4.457     153.67782    
4.469     154.28030    
4.481     154.60236    
4.494     152.77999    
4.506     152.42002    
4.519     152.42002    
4.531     152.11658    
4.543     152.83901    
4.556     152.15157    
4.568     152.08599    
4.581     150.58821    
4.593     150.56523    
4.605     150.75176    
4.618     150.29108    
4.630     148.89659    
4.643     148.18266    
4.655     147.60568    
4.668     147.21644    
4.680     146.73136    
4.692     146.97047    
4.705     146.89532    
4.717     145.68779    
4.730     145.81257    
4.742     146.90476    
4.755     144.16084    
4.767     144.15064    
4.779     144.95240    
4.792     143.82452    
4.805     143.37903    
4.818     143.68491    
4.830     143.56541    
4.843     141.95578    
4.856     142.73476    
4.868     143.41130    
4.881     140.54339    
4.893     140.97446    
4.906     141.42988    
4.918     140.44309    
4.931     140.44309    
4.943     140.01916    
4.956     140.76825    
4.968     139.67183    
4.981     138.43434    
4.993     138.34841    
5.005     138.96785    
5.018     136.28402    
5.030     136.84761    
5.042     137.51002    
5.054     136.39091    
5.066     135.76941    
5.078     135.38784    
5.091     135.62461    
5.103     133.68988    
5.115     134.82298    
5.128     133.77865    
5.140     132.83826    
5.152     132.58640    
5.164     133.95461    
5.177     132.28686    
5.189     131.76503    
5.201     132.57396    
5.213     132.57396    
5.226     131.25920    
5.238     130.26977    
5.250     130.39777    
5.263     131.28412    
5.275     128.59767    
5.287     128.61244    
5.300     130.44300    
5.312     126.76485    
5.324     128.30990    
5.337     127.29507    
5.349     127.64874    
5.361     126.41225    
5.374     126.28215    
5.386     125.98344    
5.398     123.08379    
5.411     126.51910    
5.423     124.89232    
5.435     123.28937    
5.448     123.68087    
5.460     123.69949    
5.472     124.22599    
5.485     120.64960    
5.497     120.64960    
5.509     122.46226    
5.522     120.17726    
5.534     120.16649    
5.547     119.25835    
5.559     118.86697    
5.572     119.27416    
5.584     116.22265    
5.596     119.88122    
5.609     116.99442    
5.621     115.35179    
5.634     116.80162    
5.647     114.36599    
5.659     114.34361    
5.671     113.44729    
5.684     114.68403    
5.696     114.15662    
5.709     112.05466    
5.721     111.43786    
5.733     111.98417    
5.745     111.38528    
5.758     111.89055    
5.770     109.65726    
5.782     108.42947    
5.794     110.59429    
5.806     110.59429    
5.818     108.90846    
5.831     109.04566    
5.843     107.80293    
5.855     105.91603    
5.868     106.93994    
5.880     105.18852    
5.893     104.91758    
5.905     104.88779    
5.917     103.26917    
5.930     104.41318    
5.942     104.38671    
5.955     100.46478    
5.967     101.49898    
5.979     100.99704    
5.992     99.07165     
6.004     97.89134     
6.017     99.89582     
6.029     97.98232     
6.041     96.70130     
6.054     95.47359     
6.066     95.83929     
6.078     94.96185     
6.091     94.05727     
6.103     91.83712     
6.116     91.81411     
6.128     94.82778     
6.141     92.86900     
6.154     91.16952     
6.166     89.88651     
6.179     87.83749     
6.192     88.30569     
6.204     87.18226     
6.217     86.50536     
6.230     87.39831     
6.242     86.51557     
6.255     83.88249     
6.268     83.72439     
6.280     83.80699     
6.293     83.90582     
6.306     82.73807     
6.318     82.33507     
6.331     81.64925     
6.344     79.42396     
6.356     79.37913     
6.369     79.17499     
6.382     78.11928     
6.395     78.73244     
6.407     76.43157     
6.419     76.54928     
6.431     74.01002     
6.443     75.01244     
6.455     72.51548     
6.468     73.28688     
6.480     72.85761     
6.492     70.61655     
6.504     69.73371     
6.516     68.90066     
6.528     68.01149     
6.541     67.42905     
6.553     67.42905     
6.565     66.48293     
6.577     64.60696     
6.589     65.57172     
6.601     63.48079     
6.614     62.57718     
6.626     62.56774     
6.638     60.07762     
6.651     59.41501     
6.663     61.51562     
6.675     59.87144     
6.688     58.39250     
6.700     57.41129     
6.712     56.40435     
6.725     55.23336     
6.737     55.05261     
6.750     53.54653     
6.762     52.81765     
6.774     51.23833     
6.786     48.63698     
6.799     50.25744     
6.811     49.64785     
6.823     48.63941     
6.836     48.81207     
6.848     46.93026     
6.860     46.02065     
6.873     43.95063     
6.885     45.01509     
6.897     44.21979     
6.910     42.08658     
6.922     42.14288     
6.935     41.23496     
6.948     41.74460     
6.960     38.88055     
6.972     40.69621     
6.985     38.21654     
6.997     34.53797     
7.009     36.61755     
7.022     34.89118     
7.034     33.22441     
7.046     33.06580     
7.059     33.02574     
7.071     32.15394     
7.083     30.00785     
7.096     31.28436     
7.108     28.46256     
7.121     28.67377     
7.133     27.46711     
7.145     26.44628     
7.158     25.51664     
7.170     23.64968     
7.183     24.13410     
7.196     23.46560     
7.208     21.57467     
7.221     21.98072     
7.233     21.77302     
7.246     17.81429     
7.258     19.24785     
7.271     19.45398     
7.283     17.28764     
7.295     15.79480     
7.308     16.51646     
7.320     14.49195     
7.332     13.32899     
7.345     14.29397     
7.357     12.06149     
7.370     10.80423     
7.382     11.81271     
7.394     10.24383     
7.406     9.46232      
7.418     7.83336      
7.431     9.04044      
7.443     5.03345      
7.455     6.03768      
7.467     6.04230      
7.479     5.29891      
7.491     3.16050      
7.503     2.43898      
7.516     2.68378      
7.528     2.06670      
7.540     0.72606      
7.552     0.67841      
7.564     358.80476    
7.576     358.26872    
7.588     358.28786    
7.600     357.82609    
7.612     357.29496    
7.624     356.83228    
7.637     357.34252    
7.649     352.82197    
7.661     352.73717    
7.673     353.12589    
7.685     351.85529    
7.697     352.79276    
7.710     352.46418    
7.722     351.56003    
7.735     350.83831    
7.747     351.82659    
7.760     350.11925    
7.772     348.55041    
7.785     349.04401    
7.797     349.00195    
7.809     347.68664    
7.822     348.32581    
7.834     347.05632    
7.847     345.23324    
7.859     345.02082    
7.873     345.48054    
7.885     344.11819    
7.897     343.09369    
7.909     344.33661    
7.921     342.74312    
7.934     341.93624    
7.946     343.07498    
7.959     341.77446    
7.971     340.35946    
7.983     339.96742    
7.996     340.79709    
8.008     341.04482    
8.020     340.04918    
8.033     338.22434    
8.045     339.79201    
8.057     340.25365    
8.070     337.44757    
8.082     339.35221    
8.094     339.24108    
8.107     336.73083    
8.119     337.30858    
8.132     338.90191    
8.144     337.68495    
8.156     335.22063    
8.169     337.71949    
8.181     336.32523    
8.193     334.69895    
8.206     334.42837    
8.218     336.31444    
8.231     334.91527    
8.243     335.22617    
8.255     335.04975    
8.268     333.47046    
8.281     335.62134    
8.293     334.30935    
8.305     334.88749    
8.318     336.20056    
8.330     333.77322    
8.343     334.45521    
8.355     334.83364    
8.367     333.89999    
8.380     334.18959    
8.392     334.86230    
8.404     334.28806    
8.417     333.60611    
8.429     333.80973    
8.442     334.82025    
8.454     334.77764    
8.466     334.41472    
8.479     334.71440    
8.491     333.83026    
8.503     334.36805    
8.516     334.44704    
8.528     334.73910    
8.541     333.66110    
8.553     336.82390    
8.565     334.80843    
8.578     334.59754    
8.590     334.75535    
8.602     335.16498    
8.615     335.05650    
8.627     334.36252    
8.640     336.45495    
8.652     333.99094    
8.665     334.20039    
8.678     335.27600    
8.690     336.92288    
8.703     336.31576    
8.715     335.83291    
8.727     336.74173    
8.739     336.48587    
8.751     336.39661    
8.763     337.20575    
8.775     338.20228    
8.787     336.61429    
8.800     338.44491    
8.812     338.98327    
8.824     338.27639    
8.836     336.93728    
8.848     339.03010    
8.860     339.49610    
8.873     338.11560    
8.885     340.91806    
8.897     339.60841    
8.910     339.60841    
8.922     339.98850    
8.934     339.68969    
8.946     342.14115    
8.959     341.47557    
8.971     339.73863    
8.983     341.85073    
8.995     341.31985    
9.008     340.91222    
9.020     341.57144    
9.032     343.04604    
9.044     341.97911    
9.056     344.18581    
9.069     345.06986    
9.081     344.41758    
9.093     344.50945    
9.105     345.88506    
9.117     346.44590    
9.130     344.61494    
9.142     346.03312    
9.154     346.61023    
9.166     347.02494    
9.179     346.56093    
9.191     348.65535    
9.203     350.07775    
9.216     348.19083    
9.228     348.22206    
9.240     349.49040    
9.253     350.00493    
9.265     347.60914    
9.277     351.01414    
9.290     350.98587    
9.302     349.82799    
9.314     351.41903    
9.327     352.30113    
9.339     352.38005    
9.352     351.19460    
9.364     354.49857    
9.377     352.57449    
9.390     353.30276    
9.403     354.88715    
9.415     355.87006    
9.428     354.31733    
9.441     354.57926    
9.453     357.00936    
9.466     355.08913    
9.478     356.39800    
9.491     358.29408    
9.503     357.41020    
9.515     357.41020    
9.527     357.27271    
9.539     358.63607    
9.552     359.60586    
9.564     358.75464    
9.576     359.09276    
9.588     0.31949      
9.600     359.56438    
9.612     359.08966    
9.624     2.26106      
9.636     0.85853      
9.648     1.00689      
9.661     2.91458      
9.673     2.92895      
9.685     1.76144      
9.697     3.96445      
9.709     4.37146      
9.721     3.37015      
9.733     3.40494      
9.745     2.52122      
9.758     6.11550      
9.770     4.49973      
9.783     4.94154      
9.795     5.70264      
9.808     7.14551      
9.819     5.65171      
9.832     8.22952      
9.844     8.27472      
9.856     6.64067      
9.868     8.71212      
9.880     10.44825     
9.892     12.44405     
9.904     12.00573     
9.916     12.77595     
9.929     11.98060     
9.941     15.28662     
9.953     13.35400     
9.965     13.12178     
9.977     12.38234     
9.989     14.50737     
10.001    14.27766     
10.013    12.89796     
10.026    15.02725     
10.038    16.71152     
10.050    13.27754     
10.062    15.47644     
10.074    17.15366     
10.086    15.60488     
10.099    15.89485     
10.111    16.92115     
10.123    16.39535     
10.136    16.69089     
10.148    17.15217     
10.161    17.69157     
10.173    16.99545     
10.186    17.66688     
10.198    19.19810     
10.211    15.63002     
10.223    17.67016     
10.236    19.43645     
10.248    20.10288     
10.261    18.90703     
10.273    17.54392     
10.285    19.80935     
10.298    19.06747     
10.310    17.72468     
10.323    19.32129     
10.335    20.15378     
10.348    18.34679     
10.360    18.67699     
10.373    20.15378     
10.385    19.55180     
10.398    16.65378     
10.410    20.62287     
10.422    21.38559     
10.434    18.74728     
10.447    17.61620     
10.459    21.17258     
10.471    18.32037     
10.484    17.70735     
10.496    17.88074     
10.508    18.26122     
10.521    15.53576     
10.533    18.49954     
10.545    18.06800     
10.558    17.57337     
10.570    16.22217     
10.582    16.39601     
10.595    18.11762     
10.607    17.35940     
10.619    15.44186     
10.632    17.97995     
10.644    15.16697     
10.657    15.53128     
10.669    15.36276     
10.682    15.89621     
10.695    15.22284     
10.707    14.61091     
10.720    15.64304     
10.732    14.24507     
10.745    13.13402     
10.758    15.80290     
10.770    13.55266     
10.783    13.53827     
10.795    12.65563     
10.807    14.36405     
10.820    11.46228     
10.832    12.87070     
10.845    13.00276     
10.857    12.62091     
10.869    11.51224     
10.882    13.60387     
10.894    11.31413     
10.907    10.47054     
10.919    11.94017     
10.932    11.35594     
10.944    11.23955     
10.957    9.34280      
10.969    9.64847      
10.981    11.45179     
10.994    9.81110      
11.006    10.38958     
11.018    10.11050     
11.031    8.79032      
11.043    8.39184      
11.056    8.73779      
11.068    8.74780      
11.081    5.93347      
11.093    8.06005      
11.106    6.64750      
11.119    4.35876      
11.131    6.17896      
11.144    7.17269      
11.156    5.08588      
11.169    4.62100      
11.181    5.82092      
11.194    5.09831      
11.207    4.67980      
11.219    5.74428      
11.232    4.55469      
11.244    3.45074      
11.257    3.70724      
11.269    3.46368      
11.282    2.47241      
11.294    2.34895      
11.307    3.24090      
11.319    1.15500      
11.332    0.31760      
11.344    2.27668      
11.357    0.96442      
11.369    1.01685      
11.382    0.10305      
11.394    1.39875      
11.406    1.66977      
11.418    0.10587      
11.431    359.89635    
11.443    0.35011      
11.455    359.03875    
11.467    358.62336    
11.480    0.39414      
11.492    358.34729    
11.504    358.17337    
11.516    357.52447    
11.529    356.82247    
11.541    356.90767    
11.553    358.41609    
11.566    357.24833    
11.578    355.53607    
11.591    356.90306    
11.603    358.00212    
11.616    356.46902    
11.628    355.62828    
11.641    357.75055    
11.654    356.39283    
11.666    356.00562    
11.679    356.09079    
11.691    356.10529    
11.703    355.90229    
11.716    354.44405    
11.728    353.32802    
11.741    352.10266    
11.753    353.15976    
11.765    353.66654    
11.778    351.50665    
11.790    352.46055    
11.802    352.31440    
11.815    351.12933    
11.827    351.59940    
11.839    351.85024    
11.852    351.51734    
11.864    350.32220    
11.877    350.79064    
11.889    350.47629    
11.901    348.42987    
11.914    349.85226    
11.926    350.11741    
11.938    349.07201    
11.951    347.65332    
11.963    350.18768    
11.975    349.44620    
11.988    347.99407    
12.000    348.25300    
12.012    349.33668    
12.025    348.58025    
12.037    348.43434    
12.049    349.65734    
12.062    349.43108    
12.074    348.04091    
12.086    348.82737    
12.099    349.97159    
12.111    348.48995    
12.123    347.48657    
12.136    349.85382    
12.148    347.65092    
12.160    348.33037    
12.173    348.95858    
12.185    349.32713    
12.197    348.65435    
12.210    348.12075    
12.222    350.95052    
12.234    349.33516    
12.247    348.04456    
12.259    349.79028    
12.271    348.09101    
12.286    348.37595    
12.299    349.41633    
12.311    349.62272    
12.324    347.83606    
12.336    347.87110    
12.348    350.11925    
12.361    350.04830    
12.373    347.69664    
12.386    349.04657    
12.398    349.35880    
12.410    349.63173    
12.422    347.77286    
12.435    349.27433    
12.447    349.91171    
12.459    347.79793    
12.472    350.76559    
12.484    349.74532    
12.496    349.67122    
12.508    349.85012    
12.521    352.15818    
12.533    351.26144    
12.545    349.04656    
12.558    350.93726    
12.570    350.08978    
12.582    349.40735    
12.594    351.72227    
12.607    352.60584    
12.619    351.81034    
12.631    351.70034    
12.644    351.31640    
12.656    351.86695    
12.668    352.15986    
12.680    351.35862    
12.693    352.55558    
12.705    353.22809    
12.717    351.33188    
12.730    353.64848    
12.742    353.37082    
12.754    352.23298    
12.766    353.53407    
12.779    352.91990    
12.791    354.30967    
12.804    353.82381    
12.816    355.26039    
12.828    354.45448    
12.840    353.18704    
12.852    356.51118    
12.865    356.48013    
12.877    355.62754    
12.889    356.18995    
12.902    356.11348    
12.914    356.70732    
12.926    356.02864    
12.938    357.04187    
12.951    356.75368    
12.963    357.50955    
12.975    357.11924    
12.988    356.99463    
13.000    359.14584    
13.012    356.61118    
13.024    358.01860    
13.037    359.12703    
13.049    358.02577    
13.061    358.45017    
13.074    0.31161      
13.086    357.78147    
13.098    358.70273    
13.110    0.85666      
13.123    0.14212      
13.135    358.80912    
13.147    0.02043      
13.160    1.45047      
13.172    1.47680      
13.184    359.97857    
13.196    0.94812      
13.209    3.16126      
13.221    0.75171      
13.233    0.71770      
13.246    2.83474      
13.258    4.58507      
13.270    4.73495      
13.283    3.64913      
13.295    4.17924      
13.308    6.00573      
13.320    5.61520      
13.332    4.73167      
13.344    5.87299      
13.357    6.00350      
13.369    4.29846      
13.381    6.28032      
13.394    6.86369      
13.406    5.53233      
13.418    6.07291      
13.430    8.30153      
13.443    8.30153      
13.455    6.59319      
13.467    7.78065      
13.479    9.00585      
13.492    8.98036      
13.504    7.95440      
13.516    8.84521      
13.529    9.03852      
13.541    9.67578      
13.553    8.60967      
13.566    10.28292     
13.578    10.11566     
13.590    9.52683      
13.602    10.71722     
13.615    10.77321     
13.627    8.96498      
13.639    9.58869      
13.651    10.97268     
13.664    9.66913      
13.676    10.27928     
13.688    11.37423     
13.700    9.52016      
13.713    9.18329      
13.725    10.58187     
13.737    10.92466     
13.750    10.86255     
13.762    11.28789     
13.774    11.54926     
13.786    11.00586     
13.799    10.11110     
13.811    9.84460      
13.823    12.55968     
13.835    10.22182     
13.847    10.68192     
13.860    11.52521     
13.872    10.29483     
13.885    9.67237      
13.897    9.93496      
13.909    11.12459     
13.921    10.78324     
13.933    10.59830     
13.945    11.40767     
13.957    11.39911     
13.970    10.00668     
13.982    10.66629     
13.994    12.25821     
14.007    9.60488      
14.019    9.16977      
14.031    9.48363      
14.044    9.17261      
14.056    9.93043      
14.068    9.36764      
14.081    11.06225     
14.093    9.85738      
14.105    10.40550     
14.118    11.72552     
14.130    9.19142      
14.143    8.15785      
14.155    9.20816      
14.168    8.06677      
14.180    9.01967      
14.193    7.78950      
14.206    9.76109      
14.218    7.34894      
14.231    6.06547      
14.243    7.70548      
14.256    6.83504      
14.269    7.27188      
14.281    8.42616      
14.294    5.94426      
14.306    5.63818      
14.319    7.25986      
14.331    7.25986      
14.344    6.62116      
14.357    5.02014      
14.369    5.82051      
14.382    7.88734      
14.394    5.38809      
14.407    4.34733      
14.419    6.33305      
14.432    4.78858      
14.444    4.40364      
14.457    4.69665      
14.469    3.68653      
14.482    3.94294      
14.495    3.35733      
14.507    4.24334      
14.520    2.09525      
14.532    1.00396      
14.545    4.59934      
14.558    1.75762      
14.570    1.79129      
14.583    1.99191      
14.596    1.45422      
14.608    1.03816      
14.621    1.41148      
14.633    0.97212      
14.646    359.67372    
14.659    359.93404    
14.672    0.02133      
14.684    358.86282    
14.697    358.92819    
14.709    358.18137    
14.722    358.36038    
14.734    357.64286    
14.747    358.04749    
14.760    356.75098    
14.772    357.90527    
14.785    357.25208    
14.797    356.99483    
14.810    356.46957    
14.822    357.34769    
14.835    357.43212    
14.847    354.92630    
14.859    354.92630    
14.872    354.74206    
14.885    355.70876    
14.897    355.42188    
14.910    354.37441    
14.923    354.20314    
14.935    354.43762    
14.948    354.75330    
14.960    354.28519    
14.973    354.05047    
14.985    351.79855    
14.998    352.48764    
15.010    349.71470    
15.022    350.00990    
15.035    350.59828    
15.047    351.19234    
15.059    350.36895    
15.072    350.66528    
15.084    350.34136    
15.097    349.15117    
15.109    351.02421    
15.122    350.59135    
15.134    348.41772    
15.146    350.19316    
15.159    350.01475    
15.171    349.14658    
15.183    347.18315    
15.196    349.77495    
15.208    349.46225    
15.221    347.43779    
15.233    348.86258    
15.245    348.86258    
15.258    349.67196    
15.271    348.14676    
15.283    348.16989    
15.295    349.73964    
15.308    347.56971    
15.320    347.24503    
15.332    349.63608    
15.344    348.73311    
15.357    348.12448    
15.369    348.77724    
15.381    348.24955    
15.394    347.76836    
15.406    348.81228    
15.419    349.38544    
15.431    346.70251    
15.443    347.77881    
15.456    350.07955    
15.468    348.98786    
15.480    347.54922    
15.493    348.77226    
15.505    348.62887    
15.518    347.59335    
15.530    349.06074    
15.542    350.92444    
15.555    341.36873    
15.567    347.66212    
15.579    349.10845    
15.592    349.97044    
15.604    350.67730    
15.616    348.47533    
15.629    349.51375    
15.641    350.27416    
15.653    347.70373    
15.666    350.40943    
15.678    350.92695    
15.690    349.93866    
15.703    350.11404    
15.715    351.00489    
15.728    350.65709    
15.740    349.40229    
15.752    351.60806    
15.765    350.32939    
15.778    349.30038    
15.790    351.17824    
15.803    351.40921    
15.815    350.76000    
15.828    350.51001    
15.840    352.68640    
15.852    352.06923    
15.864    351.69877    
15.877    351.69877    
15.889    353.77308    
15.902    352.12739    
15.914    352.78857    
15.926    353.55064    
15.939    353.75809    
15.951    352.06433    
15.963    352.80397    
15.976    353.12878    
15.988    351.98094    
16.000    352.79052    
16.013    355.41251    
16.025    353.47730    
16.037    353.14656    
16.050    355.71813    
16.062    353.78051    
16.074    353.83357    
16.087    354.56636    
16.099    355.45859    
16.111    353.96270    
16.124    355.43992    
16.136    356.73595    
16.148    354.54471    
16.161    355.11921    
16.173    356.69335    
16.185    356.66676    
16.198    355.59970    
16.210    356.89283    
16.222    357.62608    
16.235    356.64922    
16.247    357.54417    
16.259    357.83853    
16.272    357.21472    
16.285    357.49307    
16.297    359.03627    
16.310    358.54471    
16.322    357.12502    
16.334    358.59037    
16.347    359.80197    
16.359    359.65509    
16.371    358.06231    
16.384    1.07338      
16.396    1.24448      
16.409    359.85838    
16.421    0.55685      
16.433    2.57267      
16.446    1.49879      
16.458    359.93998    
16.471    2.14187      
16.483    2.82687      
16.495    4.97246      
16.508    1.07259      
16.520    1.09510      
16.533    3.32298      
16.545    4.41918      
16.557    4.25669      
16.570    3.73414      
16.582    5.44520      
16.595    4.55322      
16.607    3.91392      
16.620    5.00974      
16.632    5.18126      
16.644    3.90241      
16.657    5.33302      
16.669    6.66146      
16.681    5.46179      
16.695    5.04874      
16.707    7.51050      
16.721    6.21543      
16.734    6.27375      
16.747    7.40434      
16.761    7.55329      
16.774    6.15395      
16.787    7.13041      
16.801    7.82908      
16.814    6.68353      
16.828    7.38770      
16.841    9.26879      
16.854    9.18329      
16.867    7.88860      
16.880    9.88183      
16.895    9.95099      
16.908    9.80737      
16.921    10.32621     
16.934    9.89899      
16.947    8.69828      
16.960    11.38994     
16.973    9.98703      
16.986    10.74852     
16.999    10.52263     
17.012    13.05374     
17.025    10.22664     
17.038    10.90047     
17.051    12.39982     
17.064    9.67907      
17.077    9.84202      
17.090    11.59600     
17.103    9.80062      
17.116    9.34975      
17.128    8.57523      
17.141    10.39869     
17.154    9.67578      
17.166    10.39753     
17.179    12.39857     
17.192    9.21044      
17.204    8.84809      
17.217    11.27017     
17.229    10.40550     
17.241    10.40550     
17.254    9.82615      
17.266    10.01698     
17.278    9.98467      
17.290    7.69548      
17.302    8.13958      
17.314    10.07918     
17.327    8.13321      
17.339    9.59765      
17.351    11.20435     
17.363    9.26499      
17.375    9.66036      
17.387    9.58665      
17.400    10.52451     
17.412    7.63669      
17.424    8.15861      
17.436    8.53077      
17.448    7.35035      
17.460    7.35035      
17.473    7.47544      
17.485    7.02810      
17.497    7.79230      
17.510    6.28654      
17.522    7.99415      
17.534    7.04456      
17.546    5.90987      
17.559    7.07740      
17.571    7.03452      
17.583    5.68032      
17.595    4.83559      
17.608    6.54243      
17.620    5.81210      
17.632    3.36010      
17.644    5.27557      
17.657    5.08202      
17.669    2.70103      
17.681    5.46021      
17.694    4.97813      
17.706    3.09815      
17.718    3.09815      
17.731    4.23721      
17.743    3.77860      
17.755    1.58177      
17.767    3.48828      
17.779    3.71666      
17.792    2.11084      
17.804    2.83264      
17.816    3.69070      
17.828    3.08285      
17.840    2.37854      
17.852    2.57411      
17.865    3.75413      
17.877    1.77522      
17.889    1.28123      
17.901    1.41625      
17.914    1.04512      
17.926    0.10674      
17.938    1.10491      
17.950    1.73002      
17.963    1.75039      
17.975    359.59259    
17.987    0.91398      
18.000    359.97933    
18.012    359.97867    
18.024    359.14584    
18.036    358.64630    
18.048    358.47052    
18.061    358.59279    
18.073    358.92187    
18.085    357.09026    
18.097    357.03760    
18.110    358.93211    
18.122    358.09228    
18.134    357.55670    
18.146    357.25476    
18.159    357.39939    
18.171    355.86659    
18.183    356.00762    
18.196    357.32357    
18.208    355.92034    
18.221    355.92034    
18.233    355.74241    
18.245    353.43532    
18.257    355.30654    
18.270    356.04984    
18.282    355.04328    
18.295    354.27727    
18.308    355.38935    
18.321    354.61491    
18.333    353.02593    
18.346    354.30116    
18.359    354.18693    
18.371    353.42266    
18.384    354.06306    
18.397    354.40105    
18.409    353.55201    
18.422    352.19681    
18.435    354.03703    
18.447    353.12786    
18.460    350.80468    
18.472    351.61654    
18.485    353.24643    
18.498    351.41750    
18.511    351.81440    
18.523    352.59910    
18.536    350.72861    
18.548    349.77023    
18.561    352.67530    
18.574    350.81059    
18.586    350.37041    
18.599    351.33454    
18.612    352.03443    
18.624    349.94306    
18.637    351.39252    
18.650    351.21868    
18.662    350.75527    
18.675    350.82350    
18.688    352.32684    
18.701    350.76266    
18.714    349.78476    
18.726    353.06024    
18.739    351.49812    
18.752    349.41470    
18.765    352.34964    
18.778    352.04398    
18.790    350.42359    
18.803    350.78097    
18.816    350.77011    
18.829    351.97638    
18.842    351.20594    
18.854    350.26055    
18.867    352.69678    
18.880    351.48114    
18.892    351.60610    
18.905    353.30549    
18.917    351.11564    
18.929    351.23115    
18.942    351.23115    
18.954    352.78254    
18.966    351.51491    
18.979    352.15290    
18.991    352.36214    
19.004    351.93575    
19.016    352.22934    
19.028    353.08816    
19.041    352.95772    
19.053    353.00194    
19.065    352.30662    
19.078    354.80743    
19.090    352.27019    
19.103    353.58850    
19.115    355.09794    
19.127    353.56754    
19.140    352.61396    
19.152    354.96119    
19.165    355.55689    
19.177    353.85051    
19.189    354.57002    
19.202    355.40645    
19.214    354.81853    
19.226    354.95996    
19.239    355.64322    
19.251    355.64322    
19.263    355.78815    
19.276    354.27298    
19.288    356.78921    
19.300    357.10852    
19.313    355.07289    
19.325    357.22848    
19.337    357.15234    
19.350    354.79635    
19.362    355.98974    
19.374    356.80417    
19.387    356.84565    
19.399    355.74769    
19.411    357.16205    
19.424    357.58610    
19.436    356.83826    
19.448    357.19483    
19.460    359.17061    
19.473    357.12334    
19.485    357.27270    
19.497    358.59412    
19.510    358.04606    
19.522    357.83138    
19.534    359.39493    
19.546    359.39493    
19.559    359.77475    
19.571    357.01318    
19.583    359.77410    
19.595    0.45369      
19.608    358.67489    
19.620    358.43208    
19.632    1.24536      
19.644    359.73013    
19.657    359.60529    
19.669    0.93139      
19.681    1.03205      
19.694    0.14713      
19.706    1.36490      
19.718    2.68768      
19.730    1.90115      
19.743    1.06014      
19.755    3.47515      
19.767    3.00066      
19.779    2.84605      
19.792    3.49978      
19.804    3.52240      
19.816    3.93881      
19.828    3.47396      
19.841    3.52857      
19.853    4.00293      
19.865    2.60448      
19.877    4.25709      
19.889    5.61039      
19.902    4.41880      
19.914    4.33170      
19.926    4.83186      
19.938    5.38733      
19.951    7.98969      
19.963    5.73328      
19.975    6.79717      
19.987    8.73484      
20.000    6.79205      
20.012    6.91720      
20.024    7.69772      
20.036    7.57402      
20.049    7.60154      
20.061    7.92393      
20.073    10.11080     
20.085    8.28811      
20.097    7.99941      
20.109    9.75104      
20.122    10.08884     
20.134    9.29761      
20.147    8.79993      
20.159    11.32259     
20.172    9.63003      
20.184    9.43380      
20.196    9.54893      
20.209    10.93285     
20.221    8.80157      
20.234    10.11504     
20.246    11.22008     
20.259    9.37567      
20.271    10.73138     
20.283    10.21181     
20.296    11.12411     
20.308    10.55772     
20.321    9.97135      
20.333    12.05008     
20.346    9.22518      
20.358    19.51756     
20.371    10.77070     
20.383    10.93997     
20.396    10.02449     
20.408    9.48363      
20.421    10.42866     
20.433    10.06765     
20.445    9.04048      
20.458    9.58606      
20.470    10.35744     
20.482    7.35726      
20.495    7.15175      
20.507    7.82803      
20.520    6.69115      
20.532    7.49475      
20.544    8.65712      
20.557    9.13639      
20.569    6.96197      
20.581    8.75451      
20.594    9.30610      
20.606    7.53138      
20.618    9.07204      
20.631    9.54735      
20.643    8.43083      
20.656    8.52864      
20.668    8.93120      
20.680    10.09180     
20.693    10.09180     
20.705    9.78463      
20.718    11.72950     
20.730    14.30806     
20.743    10.98404     
20.755    13.58282     
20.767    15.09608     
20.780    13.57693     
20.792    13.51534     
20.804    17.33044     
20.817    17.47249     
20.829    18.31560     
20.842    19.86653     
20.854    19.63157     
20.866    22.92591     
20.878    23.88824     
20.891    24.84452     
20.903    25.95116     
20.915    29.10811     
20.927    30.36373     
20.939    31.48099     
20.951    32.96692     
20.964    36.25497     
20.976    36.05665     
20.988    35.63511     
21.000    39.60310     
21.012    41.23056     
21.024    42.90125     
21.036    45.29084     
21.049    44.74495     
21.062    49.05101     
21.074    49.25136     
21.086    49.73306     
21.098    54.47942     
21.111    55.35043     
21.123    55.50744     
21.135    57.41967     
21.147    59.60956     
21.159    59.46347     
21.171    62.60582     
21.183    65.72019     
21.195    65.86762     
21.208    66.70927     
21.220    67.89470     
21.232    68.46841     
21.245    71.91191     
21.257    73.23448     
21.269    74.80331     
21.282    75.74997     
21.294    77.30579     
21.306    78.57229     
21.319    80.19998     
21.331    81.19347     
21.343    81.39187     
21.355    84.33568     
21.368    85.09298     
21.380    87.80241     
21.392    86.93250     
21.405    90.54967     
21.417    90.32544     
21.429    93.52886     
21.441    91.86589     
21.453    94.88035     
21.466    94.88035     
21.478    94.48602     
21.490    95.89445     
21.502    97.58286     
21.514    100.30173    
21.527    100.37320    
21.539    99.97660     
21.552    101.16740    
21.565    103.84343    
21.577    103.44183    
21.590    105.70503    
21.602    106.86855    
21.614    106.27480    
21.627    108.08542    
21.639    109.32801    
21.652    109.50412    
21.664    110.87691    
21.677    112.74045    
21.690    114.19033    
21.702    113.66297    
21.715    115.26889    
21.727    115.79124    
21.740    117.54899    
21.752    118.29504    
21.765    119.62749    
21.778    120.90408    
21.790    120.46722    
21.803    122.17930    
21.815    123.38375    
21.828    125.34616    
21.840    125.63125    
21.853    127.86772    
21.865    128.29915    
21.878    127.77002    
21.890    128.19999    
21.902    130.26269    
21.915    130.67711    
21.927    130.68419    
21.940    132.62059    
21.952    134.70726    
21.964    133.55113    
21.977    135.34537    
21.989    136.72204    
22.001    138.04962    
22.014    136.91669    
22.026    140.36444    
22.038    139.76857    
22.051    140.01022    
22.063    141.14663    
22.075    142.08231    
22.088    142.29983    
22.100    143.11654    
22.112    143.65228    
22.125    143.63757    
22.137    144.05998    
22.149    145.09076    
22.162    145.61454    
22.174    145.61454    
22.186    146.01804    
22.199    146.53535    
22.211    147.17281    
22.223    146.56091    
22.236    147.44082    
22.248    149.38961    
22.260    148.84103    
22.273    149.41035    
22.285    148.59187    
22.298    149.74356    
22.310    149.87983    
22.322    151.26070    
22.335    151.01278    
22.347    151.48784    
22.359    152.12075    
22.372    151.91279    
22.384    151.01237    
22.396    151.59932    
22.409    152.30731    
22.421    152.51419    
22.433    152.11433    
22.446    154.08267    
22.458    152.79530    
22.470    152.79530    
22.482    153.19749    
22.495    153.80579    
22.508    153.08739    
22.521    153.19840    
22.534    152.58419    
22.546    154.03764    
22.558    154.05730    
22.570    154.38765    
22.583    155.55741    
22.595    154.65146    
22.607    154.60080    
22.620    157.13494    
22.632    156.32753    
22.644    156.78577    
22.657    157.25255    
22.669    157.68206    
22.681    157.22826    
22.694    158.27327    
22.706    159.93903    
22.718    159.42390    
22.730    160.19788    
22.743    161.50408    
22.755    161.91689    
22.767    161.66846    
22.779    161.66846    
22.791    162.00591    
22.804    162.63750    
22.816    162.96969    
22.828    162.92885    
22.840    164.08125    
22.853    163.84779    
22.865    162.74563    
22.877    164.00868    
22.889    162.67357    
22.901    163.45349    
22.914    163.90133    
22.927    163.67839    
22.939    162.93465    
22.951    163.46672    
22.963    162.80610    
22.976    162.55137    
22.988    162.65632    
23.000    164.14787    
23.012    163.49252    
23.024    161.98921    
23.037    161.86996    
23.049    164.09044    
23.061    163.77709    
23.073    162.28876    
23.086    163.83910    
23.098    163.63638    
23.111    162.88340    
23.123    163.62524    
23.136    165.39603    
23.148    165.11144    
23.161    164.28499    
23.174    165.77807    
23.187    164.94186    
23.200    164.04740    
23.213    164.91439    
23.225    166.41486    
23.238    166.10646    
23.251    166.02392    
23.264    167.35503    
23.277    165.66196    
23.289    164.71792    
23.302    167.27508    
23.315    166.59528    
23.328    166.82636    
23.341    166.35395    
23.353    166.23387    
23.366    165.82539    
23.379    167.29527    
23.391    167.14343    
23.404    165.29420    
23.417    164.38901    
23.430    166.34958    
23.443    166.01395    
23.455    164.47959    
23.468    164.84020    
23.480    164.22146    
23.493    163.37607    
23.505    163.68491    
23.518    165.24504    
23.530    162.95075    
23.542    163.23445    
23.555    163.43807    
23.567    162.29854    
23.580    161.63716    
23.592    162.85341    
23.605    162.02953    
23.617    161.69105    
23.630    161.83960    
23.642    161.83960    
23.654    161.95048    
23.667    161.12149    
23.680    160.60104    
23.693    161.31453    
23.706    159.80847    
23.719    160.08950    
23.732    161.18476    
23.745    160.36517    
23.758    160.56279    
23.770    160.26520    
23.783    160.60469    
23.796    160.31680    
23.809    159.54801    
23.822    160.05475    
23.835    158.89265    
23.847    158.49906    
23.860    160.25357    
23.873    159.68460    
23.886    158.44740    
23.899    159.60148    
23.912    158.85450    
23.925    158.56641    
23.938    158.27605    
23.951    158.89059    
23.964    156.64657    
23.976    157.39848    
23.989    158.37554    
24.002    156.86147    
24.015    157.02827    
24.027    157.62614    
24.040    156.66687    
24.053    155.47590    
24.065    156.50615    
24.078    156.29624    
24.091    155.77526    
24.104    155.53537    
24.117    155.35594    
24.129    155.27705    
24.142    154.17557    
24.155    156.32629    
24.168    154.72058    
24.180    154.64666    
24.193    154.76521    
24.205    154.45494    
24.218    153.19749    
24.230    153.58504    
24.243    154.44459    
24.255    153.36088    
24.267    153.07820    
24.280    154.61491    
24.292    153.50864    
24.305    152.97368    
24.317    153.44964    
24.330    152.24984    
24.342    150.58837    
24.354    151.58236    
24.367    151.84319    
24.379    150.91482    
24.392    149.79612    
24.404    151.11092    
24.417    151.44020    
24.429    150.43397    
24.441    150.58103    
24.453    150.58103    
24.466    150.25311    
24.478    148.47351    
24.490    149.37271    
24.502    149.55567    
24.515    149.41691    
24.527    148.60369    
24.539    149.09643    
24.552    149.06138    
24.564    148.22789    
24.576    149.72513    
24.589    147.09392    
24.601    148.40006    
24.614    149.30639    
24.626    148.26390    
24.638    147.88046    
24.651    148.44254    
24.663    148.81935    
24.675    147.09234    
24.688    147.54761    
24.700    148.67314    
24.713    148.21141    
24.726    145.95369    
24.738    148.24383    
24.751    146.89275    
24.763    146.26939    
24.775    146.26939    
24.788    145.29543    
24.800    145.39975    
24.813    145.80439    
24.826    144.91621    
24.838    145.32030    
24.850    144.58560    
24.862    143.87679    
24.875    145.05545    
24.887    144.13637    
24.899    143.13010    
24.912    143.13672    
24.924    143.23427    
24.936    143.11741    
24.949    141.96583    
24.961    143.08510    
24.973    141.83554    
24.986    141.12977    
24.998    142.21553    
25.011    140.53979    
25.023    139.78180    
25.035    141.22941    
25.048    140.91716    
25.060    139.31758    
25.072    141.10221    
25.084    141.10221    
25.097    140.71172    
25.109    138.98391    
25.122    138.80491    
25.135    139.72833    
25.147    137.50762    
25.159    138.33799    
25.171    139.24025    
25.184    139.03216    
25.196    137.97211    
25.208    139.42195    
25.221    138.38126    
25.234    137.60825    
25.246    137.23961    
25.258    137.78376    
25.271    138.19571    
25.283    136.37743    
25.295    137.37022    
25.307    136.86657    
25.319    136.21396    
25.332    136.12149    
25.344    136.08049    
25.356    135.53546    
25.368    140.80586    
25.380    136.09584    
25.393    135.39405    
25.405    133.20103    
25.418    134.44660    
25.431    134.46133    
25.443    133.89589    
25.455    132.92012    
25.468    133.03299    
25.480    133.67038    
25.492    131.57710    
25.505    131.82081    
25.517    132.16817    
25.530    132.01912    
25.542    129.52680    
25.554    132.05531    
25.566    130.52844    
25.579    129.37631    
25.591    129.51410    
25.603    129.91198    
25.616    128.89391    
25.628    130.26016    
25.640    129.72805    
25.653    129.00110    
25.665    129.55589    
25.678    127.68645    
25.690    127.68645    
25.702    128.64976    
25.715    126.68869    
25.727    126.86650    
25.739    127.91373    
25.752    126.59251    
25.765    127.71281    
25.777    127.29399    
25.789    125.59355    
25.801    127.44238    
25.813    127.11686    
25.825    124.86674    
25.837    125.50551    
25.849    123.81210    
25.862    124.34359    
25.874    122.78618    
25.886    123.40447    
25.898    123.64421    
25.910    122.28437    
25.922    123.48808    
25.935    123.48808    
25.947    122.05232    
25.959    120.78054    
25.972    120.46386    
25.984    121.70856    
25.996    120.99471    
26.009    119.99987    
26.021    121.30892    
26.034    119.92151    
26.046    118.95464    
26.058    119.49640    
26.070    118.23608    
26.083    118.04483    
26.095    119.01760    
26.108    118.37292    
26.120    117.45601    
26.132    117.65806    
26.144    118.45713    
26.157    116.00107    
26.169    116.27096    
26.182    117.47262    
26.194    114.43685    
26.207    114.67476    
26.219    114.87173    
26.231    114.83569    
26.244    114.29357    
26.256    113.79631    
26.269    114.75848    
26.281    115.18497    
26.293    114.06415    
26.306    112.08626    
26.321    113.59849    
26.333    112.34758    
26.346    112.34583    
26.358    112.48706    
26.370    111.09808    
26.383    111.61923    
26.395    109.28109    
26.407    110.37691    
26.420    110.32910    
26.432    108.57078    
26.445    109.61529    
26.457    109.35856    
26.470    106.75645    
26.482    107.93127    
26.494    106.80468    
26.507    106.26507    
26.519    106.88353    
26.532    104.82597    
26.544    106.80782    
26.556    104.32629    
26.569    103.70612    
26.581    104.43194    
26.593    104.45260    
26.606    104.96722    
26.618    103.41967    
26.631    102.80036    
26.643    102.74590    
26.656    103.59917    
26.668    102.64865    
26.680    101.38293    
26.693    100.81058    
26.705    100.28545    
26.719    100.37560    
26.731    99.13554     
26.744    99.92850     
26.756    99.36393     
26.769    99.59061     
26.781    98.91353     
26.794    98.47766     
26.806    97.63055     
26.819    95.79678     
26.831    97.92392     
26.844    96.07285     
26.856    95.51765     
26.869    96.16821     
26.882    95.21935     
26.895    94.91306     
26.907    94.75303     
26.920    93.11226     
26.933    94.31391     
26.945    93.38699     
26.958    91.57914     
26.971    94.06819     
26.984    91.61716     
26.996    91.08836     
27.008    89.51303     
27.020    91.31174     
27.032    88.66556     
27.045    89.53403     
27.057    89.10628     
27.069    86.98622     
27.081    86.89862     
27.093    88.75843     
27.105    86.96399     
27.118    85.90758     
27.130    87.20257     
27.142    87.61169     
27.155    83.59002     
27.167    85.65726     
27.179    84.62651     
27.192    83.10150     
27.204    82.06992     
27.216    81.12729     
27.229    80.30790     
27.241    81.09805     
27.253    81.38376     
27.266    79.19337     
27.278    80.28554     
27.290    77.31338     
27.302    77.30431     
27.315    78.07476     
27.327    77.14851     
27.339    74.21116     
27.351    74.21116     
27.363    77.23646     
27.375    75.15730     
27.388    74.08271     
27.400    73.71982     
27.412    72.19270     
27.425    71.29307     
27.437    71.19599     
27.449    71.62360     
27.461    70.86919     
27.473    70.61010     
27.485    68.00197     
27.498    66.93638     
27.510    68.00247     
27.522    66.35529     
27.534    64.55625     
27.546    66.27460     
27.559    65.48898     
27.571    63.38874     
27.583    63.38874     
27.595    62.60612     
27.607    62.18057     
27.620    60.58268     
27.632    60.45189     
27.644    59.90892     
27.656    58.34999     
27.668    57.46085     
27.681    55.67947     
27.693    55.55584     
27.705    56.63407     
27.717    55.15358     
27.730    53.09989     
27.742    52.68792     
27.754    50.89443     
27.767    50.95096     
27.779    49.55269     
27.791    49.01554     
27.804    49.31030     
27.816    46.82292     
27.828    47.65255     
27.841    47.65255     
27.853    44.86029     
27.865    43.33679     
27.878    43.75975     
27.890    42.38409     
27.902    42.58274     
27.915    41.95439     
27.928    40.78355     
27.940    40.64771     
27.953    39.50915     
27.965    38.07449     
27.977    36.86099     
27.990    35.68781     
28.002    33.94288     
28.014    31.50489     
28.027    32.99696     
28.039    30.81470     
28.051    30.69608     
28.064    29.41106     
28.076    29.24187     
28.088    27.14610     
28.101    25.79670     
28.113    25.88167     
28.125    24.06386     
28.138    23.65054     
28.150    23.65054     
28.162    24.72035     
28.175    22.03049     
28.187    20.50236     
28.200    19.11609     
28.212    17.60270     
28.224    16.13409     
28.236    16.50982     
28.248    14.43329     
28.260    13.80603     
28.272    13.18393     
28.285    13.08270     
28.297    11.73112     
28.309    10.12157     
28.321    10.77741     
28.333    9.18634      
28.345    7.49701      
28.357    8.12708      
28.369    6.92196      
28.381    6.92196      
28.394    4.12781      
28.406    5.39138      
28.418    5.30511      
28.430    0.93173      
28.442    1.10337      
28.454    2.33688      
28.467    0.02154      
28.479    358.64934    
28.491    0.58375      
28.503    355.77059    
28.515    355.00359    
28.528    355.91438    
28.540    354.02663    
28.552    352.70021    
28.564    351.31250    
28.576    351.97383    
28.588    348.97990    
28.600    348.97990    
28.612    349.52258    
28.625    348.38595    
28.637    347.40972    
28.649    346.94741    
28.661    347.62667    
28.673    345.94387    
28.685    344.35852    
28.697    341.95689    
28.710    339.41290    
28.723    342.56839    
28.735    341.24733    
28.747    339.25337    
28.760    339.49719    
28.773    340.87055    
28.785    338.56218    
28.798    338.43071    
28.811    339.25786    
28.824    336.42432    
28.837    335.47175    
28.850    336.40914    
28.863    335.54797    
28.876    333.80127    
28.889    335.25780    
28.902    333.41735    
28.915    332.13003    
28.930    333.83026    
28.942    333.29505    
28.954    331.96680    
28.966    331.31855    
28.978    332.54096    
28.990    330.73673    
29.003    329.97456    
29.015    330.71538    
29.027    331.06906    
29.039    329.92353    
29.051    329.92353    
29.063    329.03301    
29.076    330.48818    
29.088    328.70080    
29.100    327.98229    
29.112    329.24735    
29.124    328.40129    
29.137    328.69848    
29.149    328.39128    
29.162    327.63825    
29.174    327.56575    
29.186    326.40990    
29.199    328.75621    
29.211    327.26477    
29.223    327.92325    
29.236    327.51859    
29.248    328.08420    
29.260    327.52736    
29.273    326.85937    
29.285    328.62985    
29.297    327.55090    
29.310    327.10318    
29.322    329.70301    
29.335    329.70301    
29.347    327.40162    
29.359    327.30392    
29.371    327.90999    
29.383    328.57609    
29.395    328.06302    
29.407    328.16399    
29.419    328.98531    
29.436    328.37399    
29.448    326.91761    
29.460    330.10444    
29.473    328.42109    
29.485    329.06613    
29.497    328.72556    
29.510    328.87973    
29.522    328.01454    
29.534    329.05245    
29.547    329.84040    
29.559    330.00957    
29.571    327.61653    
29.584    330.12074    
29.596    330.19573    
29.609    330.21387    
29.621    331.59475    
29.633    330.69745    
29.646    331.10596    
29.658    331.47239    
29.670    332.43001    
29.683    331.16581    
29.695    331.16581    
29.708    332.41116    
29.720    333.87399    
29.733    332.38566    
29.745    332.33341    
29.758    335.12903    
29.770    336.38599    
29.783    334.08346    
29.795    335.98090    
29.808    335.32848    
29.820    334.86204    
29.833    336.67385    
29.845    337.91204    
29.858    337.52967    
29.870    336.27332    
29.883    338.60955    
29.895    336.57863    
29.908    335.61339    
29.920    339.72221    
29.933    339.56681    
29.946    337.50994    
29.958    339.41662    
29.970    341.60878    
29.983    337.06790    
29.995    340.00871    
30.008    342.25458    
30.020    341.12656    
30.033    341.65731    
30.045    342.15000    
30.057    343.52018    
30.070    340.41711    
30.082    344.77056    
30.095    344.77056    
30.107    344.87858    
30.119    344.59620    
30.132    345.52791    
30.144    345.73075    
30.157    344.60135    
30.169    344.82612    
30.182    346.07790    
30.195    345.91593    
30.207    345.83618    
30.220    347.82662    
30.232    347.97163    
30.244    346.69061    
30.257    348.58994    
30.269    350.18615    
30.281    347.92191    
30.294    350.31467    
30.306    351.77401    
30.319    349.83133    
30.332    349.76631    
30.344    352.40129    
30.356    351.04156    
30.369    351.46124    
30.381    353.97137    
30.393    353.48203    
30.405    353.23624    
30.419    354.68969    
30.431    354.50768    
30.444    353.63899    
30.456    354.71684    
30.468    357.17520    
30.480    357.14604    
30.492    355.27338    
30.505    355.73365    
30.517    358.08948    
30.529    357.54597    
30.542    356.90314    
30.554    358.78681    
30.566    359.68193    
30.578    359.01224    
30.591    359.97886    
30.603    1.20316      
30.615    359.02652    
30.627    0.10210      
30.639    3.06114      
30.651    0.22477      
30.664    0.19577      
30.676    3.16820      
30.688    2.06089      
30.701    0.55927      
30.713    4.36445      
30.726    3.26149      
30.739    3.26149      
30.751    6.37222      
30.763    4.89971      
30.776    5.96873      
30.788    7.11391      
30.801    6.77326      
30.813    7.01010      
30.826    7.94800      
30.838    9.20223      
30.851    7.71553      
30.863    8.17695      
30.875    9.99915      
30.887    9.38208      
30.900    9.51313      
30.912    9.65313      
30.924    9.17013      
30.937    10.23302     
30.949    12.07562     
30.961    10.53669     
30.973    9.86108      
30.986    12.33061     
30.999    13.80678     
31.011    12.16594     
31.023    11.57331     
31.036    14.85270     
31.048    13.36845     
31.060    13.36845     
31.073    11.51961     
31.085    14.87900     
31.097    14.71217     
31.110    13.27866     
31.122    16.06132     
31.134    15.43618     
31.147    13.72628     
31.159    16.07397     
31.171    15.80539     
31.184    15.70049     
31.196    13.01255     
31.208    15.17773     
31.221    15.94847     
31.233    13.63683     
31.245    15.70728     
31.258    16.04870     
31.270    14.10231     
31.282    13.39144     
31.295    16.35019     
31.307    15.02315     
31.319    13.72693     
31.332    14.75165     
31.344    15.38674     
31.356    15.38674     
31.369    13.03980     
31.381    14.26413     
31.393    14.08051     
31.406    14.64837     
31.418    12.73198     
31.430    15.15045     
31.443    14.56222     
31.455    12.66965     
31.467    13.88294     
31.480    14.51592     
31.492    11.57225     
31.504    14.84245     
31.517    13.27023     
31.530    12.23791     
31.542    11.58468     
31.554    14.94726     
31.567    10.65543     
31.579    10.99866     
31.591    12.68717     
31.604    11.86198     
31.616    9.72446      
31.629    11.88748     
31.642    10.62251     
31.655    9.60129      
31.667    8.42129      
31.680    10.91086     
31.692    7.95970      
31.704    8.18473      
31.717    8.25651      
31.729    7.16841      
31.742    8.22915      
31.754    6.23429      
31.767    8.09608      
31.779    6.62500      
31.792    4.59582      
31.804    5.28845      
31.816    4.76004      
31.829    3.40997      
31.841    4.40043      
31.853    3.91028      
31.866    2.38231      
31.878    0.45506      
31.891    3.39863      
31.903    1.22599      
31.915    1.56612      
31.928    2.24797      
31.941    0.27834      
31.953    359.58450    
31.965    359.84333    
31.978    0.49355      
31.990    358.19550    
32.002    359.39094    
32.015    0.67686      
32.027    357.90211    
32.040    357.55313    
32.052    359.72796    
32.065    359.71956    
32.077    356.70954    
32.089    357.16568    
32.102    358.72846    
32.114    356.70804    
32.127    356.57153    
32.139    356.37075    
32.152    357.31354    
32.164    355.81147    
32.176    355.68117    
32.189    356.68747    
32.201    355.41979    
32.214    354.14127    
32.226    354.25521    
32.239    354.46468    
32.251    352.70563    
32.264    349.73625    
32.276    350.21269    
32.289    353.05743    
32.301    350.49702    
32.313    350.15600    
32.326    350.55133    
32.338    352.08611    
32.352    349.71851    
32.364    350.60439    
32.376    350.98750    
32.388    348.74953    
32.401    349.93605    
32.413    349.93605    
32.425    350.35235    
32.437    349.27093    
32.449    349.45551    
32.462    350.84722    
32.474    349.45847    
32.486    347.94101    
32.499    349.08616    
32.511    349.51518    
32.524    349.15326    
32.536    348.11451    
32.548    347.85395    
32.561    348.57247    
32.573    347.29019    
32.586    348.65356    
32.598    348.68605    
32.611    346.43595    
32.623    349.28300    
32.636    348.78266    
32.648    347.12556    
32.660    348.37458    
32.673    349.40254    
32.686    348.57115    
32.698    347.77488    
32.711    349.23396    
32.723    348.69414    
32.736    346.62157    
32.748    348.26169    
32.761    349.33337    
32.774    347.40097    
32.786    347.40097    
32.799    348.04740    
32.811    349.42034    
32.823    348.05582    
32.836    347.58126    
32.848    347.90524    
32.861    346.96484    
32.873    346.92712    
32.885    350.12817    
32.898    349.75855    
32.910    347.33380    
32.922    350.02084    
32.935    349.40070    
32.947    348.53309    
32.960    348.47879    
32.972    349.79993    
32.984    348.64761    
32.997    348.56218    
33.009    349.81275    
33.022    348.77436    
33.035    348.94382    
33.048    348.14967    
33.061    349.72994    
33.073    347.93125    
33.086    348.56699    
33.099    349.78661    
33.112    348.67011    
33.124    348.83350    
33.137    349.52864    
33.149    348.58302    
33.162    348.81361    
33.174    349.68625    
33.187    349.72199    
33.199    347.22638    
33.212    348.98307    
33.224    349.44781    
33.237    351.17201    
33.249    349.77173    
33.262    350.22937    
33.275    351.33211    
33.287    349.64203    
33.300    349.82719    
33.312    350.76758    
33.325    350.67798    
33.337    349.66741    
33.350    350.98805    
33.362    351.09853    
33.375    348.43704    
33.387    351.57228    
33.400    351.33606    
33.412    349.56988    
33.425    350.01930    
33.437    352.27308    
33.450    350.67248    
33.463    350.52355    
33.476    352.79659    
33.488    352.19621    
33.501    349.82610    
33.514    352.70431    
33.527    353.07925    
33.539    351.70200    
33.552    351.66118    
33.565    352.95536    
33.577    353.28894    
33.590    352.33240    
33.603    352.89585    
33.615    353.40229    
33.628    352.42575    
33.641    354.32657    
33.653    353.50092    
33.666    353.20522    
33.678    353.48984    
33.691    353.47022    
33.703    353.64855    
33.716    353.27261    
33.728    354.50128    
33.741    354.07194    
33.753    352.86492    
33.766    356.10240    
33.778    354.99988    
33.791    355.03666    
33.804    354.61267    
33.816    354.98510    
33.829    355.01834    
33.841    354.94548    
33.854    355.27537    
33.866    356.01518    
33.879    356.39976    
33.891    355.30276    
33.904    355.70154    
33.916    357.81341    
33.929    355.49146    
33.942    356.70136    
33.955    358.38858    
33.968    355.96738    
33.981    357.65720    
33.993    357.70339    
34.006    355.91137    
34.020    356.09472    
34.033    357.86694    
34.046    357.72523    
34.058    356.50866    
34.071    358.52517    
34.083    357.79081    
34.096    356.61964    
34.109    358.92027    
34.121    359.43419    
34.134    358.03308    
34.147    358.67996    
34.159    0.06438      
34.172    358.30300    
34.185    357.70682    
34.198    359.80378    
34.210    359.89358    
34.223    359.16814    
34.236    0.72549      
34.248    0.53486      
34.261    358.85940    
34.274    0.06409      
34.287    1.65230      
34.299    0.74213      
34.312    0.68952      
34.325    2.68043      
34.337    1.29263      
34.350    0.71400      
34.363    2.62224      
34.375    2.74616      
34.388    1.06555      
34.401    2.14434      
34.413    3.86319      
34.426    2.44648      
34.438    2.55912      
34.451    3.27853      
34.463    2.15574      
34.476    3.31224      
34.488    5.53625      
34.501    4.93562      
34.514    6.05013      
34.526    4.73442      
34.539    4.61065      
34.551    5.90238      
34.564    5.90238      
34.576    4.23883      
34.589    4.35299      
34.601    6.85405      
34.614    6.02410      
34.626    4.61486      
34.638    4.81890      
34.650    6.44441      
34.662    4.36738      
34.674    5.79117      
34.686    6.31820      
34.699    4.90597      
34.711    4.91633      
34.723    6.63818      
34.735    5.30575      
34.748    5.43512      
34.760    6.17784      
34.772    7.42858      
34.785    4.85024      
34.797    6.51273      
34.809    7.60469      
34.821    7.73386      
34.834    7.83453      
34.846    6.90785      
34.858    8.63080      
34.871    8.16556      
34.883    5.71059      
34.895    6.30311      
34.908    9.03648      
34.920    5.99610      
34.932    7.13609      
34.945    8.73401      
34.957    6.69557      
34.969    7.69299      
34.981    9.45501      
34.993    6.59387      
35.005    6.71371      
35.019    7.54537      
35.031    7.99729      
35.043    7.37935      
35.056    6.19100      
35.068    7.65423      
35.080    6.74248      
35.093    6.09691      
35.105    7.56734      
35.117    7.56734      
35.129    6.59412      
35.142    5.20048      
35.154    7.11963      
35.166    6.51151      
35.179    4.71676      
35.191    7.25845      
35.203    6.31352      
35.216    5.35172      
35.228    5.03098      
35.240    7.10241      
35.253    4.94509      
35.267    4.45759      
35.279    5.41353      
35.292    6.49514      
35.304    3.58990      
35.316    4.64815      
35.329    6.52665      
35.341    4.02434      
35.353    4.86784      
35.366    4.99396      
35.378    3.73993      
35.390    3.49873      
35.403    5.38974      
35.415    4.10123      
35.427    4.19590      
35.439    3.16550      
35.452    3.29155      
35.464    4.49387      
35.476    3.51911      
35.488    3.15748      
35.500    4.07953      
35.512    3.02090      
35.525    1.57091      
35.537    2.96939      
35.549    1.52135      
35.561    0.50373      
35.573    2.50754      
35.585    1.83975      
35.598    0.75956      
35.610    0.64003      
35.622    1.75427      
35.634    359.84842    
35.646    359.75760    
35.658    0.94750      
35.670    0.95336      
35.683    359.03371    
35.695    358.49256    
35.707    0.06462      
35.720    356.17328    
35.732    356.90424    
35.745    356.67162    
35.757    356.63477    
35.770    358.21904    
35.782    356.90758    
35.795    356.17899    
35.807    357.66732    
35.819    357.81341    
35.832    355.63773    
35.844    355.79646    
35.856    356.23110    
35.869    355.94079    
35.881    355.07572    
35.893    357.05113    
35.906    356.62739    
35.918    354.95390    
35.930    356.38764    
35.943    355.87900    
35.955    355.39592    
35.968    356.57945    
35.980    356.59162    
35.992    356.66833    
36.004    354.25669    
36.016    354.59893    
36.029    356.50022    
36.042    354.91367    
36.054    354.75286    
36.066    355.29994    
36.079    355.89677    
36.091    354.47047    
36.103    354.08487    
36.116    354.22863    
36.128    354.51003    
36.141    354.77006    
36.153    355.56389    
36.166    354.62660    
36.178    354.13602    
36.190    354.81506    
36.203    354.36844    
36.215    353.69903    
36.228    354.11670    
36.240    354.17151    
36.252    353.59521    
36.265    353.63484    
36.277    354.53527    
36.289    353.34898    
36.302    353.28653    
36.314    353.56447    
36.326    353.93065    
36.340    354.40264    
36.352    353.46248    
36.365    353.69399    
36.378    353.61196    
36.390    353.89189    
36.402    354.03336    
36.415    354.86249    
36.427    354.22685    
36.440    353.69827    
36.452    354.24754    
36.465    354.30149    
36.478    353.85371    
36.490    353.56573    
36.503    354.78440    
36.515    355.42693    
36.528    354.91433    
36.540    355.19809    
36.553    353.89656    
36.566    354.11894    
36.578    356.45364    
36.591    354.96128    
36.603    355.17799    
36.616    356.81296    
36.628    356.06578    
36.641    355.17452    
36.653    355.47387    
36.666    357.16650    
36.678    356.31065    
36.691    355.15281    
36.703    357.99876    
36.715    356.38095    
36.728    356.33431    
36.740    356.33431    
36.752    357.81658    
36.765    356.76865    
36.777    357.23806    
36.789    356.93864    
36.802    357.91626    
36.814    357.51317    
36.826    357.49817    
36.839    358.13687    
36.851    358.45356    
36.863    357.94879    
36.875    359.68703    
36.888    358.90822    
36.900    358.87280    
36.912    359.32137    
36.925    359.46071    
36.938    359.59741    
36.954    358.39460    
36.967    0.10525      
36.979    0.69205      
36.991    1.05295      
37.003    2.00124      
37.015    1.89638      
37.028    1.01932      
37.041    1.83163      
37.053    1.24536      
37.066    1.51642      
37.079    1.75606      
37.094    2.80382      
37.107    2.53488      
37.120    2.06089      
37.133    4.04044      
37.146    2.71290      
37.159    0.62699      
37.172    2.32323      
37.185    4.25977      
37.198    3.68788      
37.210    3.54381      
37.222    4.75254      
37.234    3.56844      
37.246    6.17312      
37.258    5.43298      
37.270    6.09523      
37.283    6.21197      
37.295    7.10858      
37.307    6.38712      
37.320    9.43313      
37.332    9.50646      
37.344    8.60846      
37.357    6.91187      
37.369    8.07183      
37.381    9.70722      
37.394    8.84131      
37.406    7.13058      
37.418    9.56076      
37.430    8.63353      
37.443    7.61063      
37.455    9.61211      
37.468    10.18365     
37.480    8.19950      
37.493    9.77397      
37.505    10.70914     
37.517    8.71746      
37.530    8.41174      
37.544    10.51772     
37.556    9.35995      
37.568    9.13983      
37.581    11.16603     
37.593    9.91212      
37.606    9.46961      
37.618    10.47255     
37.630    9.92405      
37.643    9.24868      
37.655    8.99491      
37.668    10.12467     
37.680    10.12467     
37.692    9.70496      
37.705    8.60967      
37.717    8.92381      
37.730    7.94397      
37.742    9.09478      
37.754    8.24273      
37.767    10.04571     
37.779    6.20815      
37.792    8.43428      
37.804    10.33043     
37.816    8.73761      
37.829    9.06793      
37.841    9.89234      
37.853    8.93631      
37.866    8.03755      
37.878    7.88007      
37.891    9.37526      
37.903    7.62230      
37.915    8.32512      
37.928    11.40231     
37.940    7.60493      
37.953    8.79793      
37.965    8.63578      
37.978    7.59609      
37.990    7.77710      
38.003    8.46970      
38.015    9.19215      
38.027    9.10546      
38.040    7.14733      
38.052    7.05720      
38.065    7.83291      
38.077    7.08214      
38.090    8.23742      
38.102    8.81886      
38.115    5.81522      
38.127    6.48407      
38.140    6.53888      
38.152    7.23091      
38.165    3.81558      
38.177    5.90536      
38.190    6.19042      
38.203    5.08202      
38.215    4.78881      
38.228    5.94321      
38.240    3.32243      
38.253    5.22076      
38.265    4.57828      
38.278    5.26754      
38.290    3.95194      
38.303    4.36307      
38.316    5.07226      
38.328    3.91437      
38.341    2.78576      
38.354    4.26114      
38.366    4.35299      
38.378    2.75624      
38.391    3.23173      
38.403    5.06727      
38.416    2.64359      
38.428    3.52572      
38.440    3.42292      
38.453    0.91398      
38.466    0.91398      
38.478    3.06963      
38.490    4.03849      
38.503    1.36703      
38.515    2.37868      
38.528    3.54816      
38.540    1.24252      
38.554    1.86387      
38.566    1.20076      
38.579    1.47049      
38.591    0.66921      
38.604    1.78146      
38.616    0.37091      
38.629    359.51730    
38.641    359.57543    
38.654    0.63855      
38.667    359.48038    
38.679    359.31689    
38.692    359.72393    
38.704    0.06501      
38.717    358.35058    
38.729    358.80197    
38.741    359.63189    
38.754    357.02035    
38.767    356.67544    
38.779    354.74258    
38.792    356.73383    
38.804    357.62630    
38.816    356.11757    
38.829    356.83376    
38.841    356.88594    
38.853    355.89910    
38.866    356.51015    
38.878    357.37578    
38.890    357.48061    
38.902    355.66073    
38.915    354.62453    
38.927    355.93763    
38.939    356.03149    
38.952    353.84363    
38.964    354.40272    
38.976    356.17610    
38.989    355.08724    
39.001    354.27223    
39.013    355.62854    
39.026    354.77432    
39.038    355.10880    
39.050    355.73983    
39.063    354.62742    
39.075    352.80478    
39.087    354.53821    
39.100    355.09312    
39.112    353.51229    
39.124    354.04016    
39.136    355.41333    
39.149    353.86829    
39.161    352.05986    
39.173    352.03121    
39.186    354.58480    
39.199    354.50152    
39.211    352.35343    
39.224    354.77357    
39.236    354.44356    
39.249    353.50461    
39.261    353.11406    
39.274    353.78130    
39.286    353.64848    
39.299    352.69264    
39.311    354.47445    
39.324    353.68475    
39.336    352.57304    
39.349    354.69075    
39.361    353.38326    
39.374    353.67117    
39.386    354.40859    
39.398    354.67319    
39.410    353.46512    
39.423    352.45874    
39.435    355.94694    
39.447    354.43332    
39.460    354.12322    
39.472    355.42195    
39.484    354.56463    
39.497    354.23605    
39.509    356.52867    
39.522    356.52867    
39.534    355.32597    
39.550    354.67319    
39.562    356.15013    
39.575    354.53091    
39.587    354.51089    
39.600    356.00173    
39.612    354.48263    
39.625    354.56667    
39.637    354.59451    
39.649    356.57993    
39.662    355.95956    
39.674    355.63807    
39.686    356.27312    
39.699    356.70222    
39.711    356.19276    
39.723    356.78952    
39.736    356.00956    
39.748    355.90523    
39.760    355.41674    
39.773    356.78568    
39.785    356.78568    
39.798    357.51139    
39.810    357.47388    
39.822    358.76012    
39.835    358.48726    
39.847    356.83899    
39.860    358.14230    
39.872    357.45565    
39.885    358.59279    
39.898    0.06192      
39.911    357.78147    
39.923    357.31354    
39.936    359.97907    
39.948    358.63413    
39.961    357.83456    
39.976    359.39844    
39.988    0.14479      
40.000    359.10091    
40.012    358.56683    
40.025    1.23314      
40.037    0.28128      
40.049    0.27283      
40.062    358.81945    
40.074    0.26582      
40.086    0.49540      
40.098    359.59106    
40.111    0.70653      
40.123    1.18452      
40.135    0.49652      
40.147    3.01391      
40.159    2.57934      
40.172    1.60062      
40.184    0.22902      
40.196    3.16357      
40.208    3.32645      
40.221    1.55912      
40.233    2.10490      
40.245    3.49034      
40.258    2.69251      
40.270    3.37529      
40.282    3.71614      
40.295    4.06684      
40.307    3.95179      
40.319    6.71112      
40.332    5.40614      
40.344    4.63366      
40.357    7.23024      
40.369    5.47707      
40.381    6.44588      
40.394    7.74524      
40.406    6.42305      
40.419    5.51299      
40.432    7.51524      
40.445    7.34056      
40.458    6.20438      
40.471    6.56251      
40.483    8.23332      
40.496    9.36582      
40.508    6.74723      
40.521    8.77689      
40.534    7.70474      
40.547    6.72171      
40.559    8.82113      
40.572    9.77397      
40.585    7.22463      
40.597    7.35726      
40.610    8.88473      
40.623    7.42656      
40.635    7.10888      
40.648    10.19076     
40.661    8.10806      
40.673    7.95537      
40.686    8.94619      
40.699    7.36336      
40.712    7.01891      
40.724    8.60660      
40.737    9.15473      
40.750    7.72070      
40.762    7.45328      
40.774    10.26704     
40.786    6.82593      
40.799    6.94040      
40.811    9.17312      
40.824    9.59765      
40.836    8.03957      
40.848    8.08328      
40.861    8.33279      
40.873    9.02173      
40.885    8.55036      
40.898    8.07736      
40.910    7.54255      
40.922    8.04528      
40.935    6.16025      
40.947    8.39257      
40.959    8.47925      
40.972    6.76435      
40.984    9.27933      
40.997    6.24599      
41.009    7.05432      
41.022    8.15846      
41.034    7.65934      
41.046    4.93004      
41.058    6.91458      
41.071    5.88125      
41.083    7.14093      
41.095    4.60084      
41.108    5.44346      
41.120    5.72845      
41.132    3.70638      
41.145    5.84752      
41.157    5.84752      
41.169    5.35854      
41.182    3.15809      
41.194    4.64089      
41.207    5.12598      
41.219    3.21673      
41.232    3.77694      
41.244    5.10293      
41.256    3.93235      
41.268    2.43619      
41.281    3.28844      
41.293    3.74989      
41.305    1.02693      
41.317    3.24997      
41.329    2.29489      
41.341    1.08636      
41.353    2.76736      
41.365    2.77645      
41.378    1.16689      
41.390    0.55690      
41.402    0.55690      
41.414    1.45788      
41.426    1.56378      
41.438    1.43210      
41.450    1.95251      
41.464    0.67583      
41.476    359.89116    
41.488    1.04042      
41.501    0.36398      
41.514    359.54937    
41.527    359.02198    
41.539    359.47262    
41.552    358.70672    
41.565    357.73661    
41.578    0.15273      
41.590    358.31029    
41.604    356.74226    
41.617    358.08938    
41.630    358.21144    
41.642    356.66010    
41.655    356.13965    
41.668    358.89161    
41.680    356.67162    
41.693    354.90169    
41.706    356.41825    
41.719    356.45315    
41.731    355.88370    
41.744    355.57917    
41.757    354.69706    
41.769    354.68792    
41.782    355.61300    
41.795    354.73925    
41.808    353.19648    
41.820    353.99614    
41.833    351.30426    
41.845    354.22043    
41.858    354.03757    
41.870    351.19067    
41.883    352.36973    
41.895    352.16990    
41.908    351.35568    
41.920    351.60270    
41.933    352.54284    
41.945    351.55464    
41.958    350.85812    
41.970    350.70559    
41.983    351.93007    
41.995    350.67611    
42.008    351.14335    
42.021    352.09284    
42.034    350.51096    
42.046    349.10810    
42.058    349.10810    
42.070    351.52844    
42.082    350.54454    
42.094    348.41744    
42.106    350.69171    
42.119    351.48346    
42.131    349.14552    
42.143    349.57628    
42.155    350.57817    
42.167    348.64542    
42.180    350.52410    
42.192    349.98099    
42.204    348.58340    
42.216    348.48163    
42.229    350.24014    
42.241    350.68904    
42.253    348.40211    
42.266    349.35095    
42.278    351.08468    
42.290    351.18907    
42.303    348.45858    
42.315    349.85969    
42.327    351.15773    
42.340    348.65422    
42.352    348.09157    
42.364    349.92699    
42.377    349.41431    
42.389    348.84286    
42.401    349.60650    
42.414    350.31564    
42.426    348.26999    
42.438    349.98617    
42.451    351.07286    
42.464    348.58340    
42.476    348.84330    
42.488    350.04463    
42.500    350.17149    
42.512    349.73999    
42.525    349.88100    
42.537    350.22531    
42.549    348.84676    
42.562    350.61938    
42.574    350.61938    
42.586    350.14928    
42.599    348.62314    
42.611    349.62444    
42.623    350.13333    
42.636    350.02191    
42.648    349.80827    
42.660    351.62181    
42.673    350.43844    
42.685    349.78132    
42.697    352.94789    
42.710    351.47130    
42.722    351.71790    
42.734    352.07590    
42.747    351.60406    
42.759    351.61448    
42.772    352.14194    
42.784    353.17536    
42.796    353.53164    
42.809    352.08049    
42.821    354.42335    
42.833    354.44591    
42.846    351.46923    
42.858    354.43626    
42.870    353.33677    
42.883    353.29858    
42.895    352.39575    
42.907    354.27344    
42.920    354.60496    
42.932    353.43062    
42.944    353.16455    
42.957    354.84457    
42.969    354.92350    
42.982    352.77770    
42.994    354.86518    
43.006    356.89740    
43.019    354.03949    
43.031    354.34976    
43.044    357.20269    
43.056    354.68304    
43.068    354.89783    
43.080    357.35713    
43.093    356.00956    
43.105    354.37476    
43.117    357.25337    
43.130    357.35586    
43.142    355.60595    
43.154    357.75055    
43.167    357.81778    
43.180    356.55580    
43.192    356.43681    
43.205    356.78202    
43.217    358.87043    
43.230    356.93953    
43.242    356.84832    
43.255    359.65089    
43.267    358.60637    
43.280    356.54703    
43.292    358.71433    
43.305    359.84842    
43.317    358.11158    
43.330    359.23966    
43.343    0.44105      
43.356    359.57694    
43.368    359.09096    
43.381    1.76206      
43.393    0.59939      
43.406    358.55956    
43.418    1.64346      
43.431    2.08519      
43.443    0.10548      
43.456    2.01215      
43.468    3.65617      
43.480    1.85616      
43.493    1.61207      
43.505    3.02725      
43.517    3.33324      
43.530    0.67718      
43.542    3.02292      
43.556    5.06727      
43.568    5.69768      
43.580    4.93371      
43.592    2.92420      
43.604    2.92420      
43.617    6.27178      
43.629    5.39924      
43.642    5.49805      
43.654    6.86492      
43.666    6.45195      
43.679    5.56238      
43.691    7.03041      
43.703    8.53077      
43.716    7.15143      
43.729    6.08480      
43.742    7.73807      
43.755    7.89191      
43.767    7.02279      
43.780    7.50718      
43.793    10.07275     
43.806    9.40411      
43.819    8.10888      
43.832    9.85923      
43.844    8.99857      
43.857    6.55957      
43.870    9.63631      
43.883    9.01160      
43.896    6.82291      
43.908    9.93255      
43.921    9.57815      
43.934    8.77139      
43.946    9.17450      
43.959    10.25951     
43.971    8.28180      
43.984    8.08971      
43.996    10.05597     
44.008    9.13791      
44.021    8.03444      
44.033    8.56297
